ID1	ID2	pa	pb	pc
f1_5	f1_1	0	0.929619133472442	0.070380866527558
f1_5	f1_2	0.0755265545146702	0.89161869063039	0.0328547548549403
f1_6	f1_1	0	0.946618735790252	0.053381264209748
f1_6	f1_2	0.0520872495499225	0.922360177451973	0.0255525729981045
f1_6	f1_5	0.234476106527505	0.499502445930128	0.266021447542367
f1_7	f1_1	0	0.46552461385727	0.53447538614273
f1_7	f1_2	0.0218232346484415	0.472531423388053	0.505645341963506
f1_7	f1_3	0.0649768053520476	0.900948417379706	0.0340747772682458
f1_7	f1_5	0.0211236156561567	0.947025661162815	0.0318507231810288
f1_7	f1_6	0.00600365173307282	0.4648957774741	0.529100570792827
f1_8	f1_1	0	0.45141813158989	0.54858186841011
f1_8	f1_2	0.0189195619400193	0.500438204134335	0.480642233925645
f1_8	f1_3	0.0607107767562465	0.906165502647481	0.0331237205962725
f1_8	f1_5	0.0591190832555286	0.915523096382619	0.0253578203618525
f1_8	f1_6	0.000628864091906101	0.467121024286204	0.53225011162189
f1_8	f1_7	0.271625707331898	0.499103049867148	0.229271242800954
f1_9	f1_1	0	0.494509279727936	0.505490720272064
f1_9	f1_2	0	0.50173568725586	0.49826431274414
f1_9	f1_4	0.0571140394637413	0.908419301901376	0.0344666586348832
f1_9	f1_5	0	0.49926632642746	0.50073367357254
f1_9	f1_6	0.0243005411481705	0.942299613027603	0.0333998458242265
f1_9	f1_7	0	0.23687769472599	0.76312230527401
f1_9	f1_8	0	0.216518342494964	0.783481657505036
f1_10	f1_1	0	0.492000967264176	0.507999032735824
f1_10	f1_2	0.00566635197988452	0.533782707321817	0.460550940698298
f1_10	f1_4	0.0663889516645093	0.901305463065024	0.0323055852704672
f1_10	f1_5	0	0.49468970298767	0.50531029701233
f1_10	f1_6	0.0510196829167471	0.918941349918154	0.0300389671650991
f1_10	f1_7	0.00399442054597277	0.193854033196613	0.802151546257415
f1_10	f1_8	0.00606681873063852	0.204065134730725	0.789868046538636
f1_10	f1_9	0.261805816071773	0.499727639401865	0.238466544526363
f2_5	f2_1	0	0.936001062393188	0.063998937606812
f2_5	f2_2	0.0404885062393652	0.921730707324126	0.0377807864365091
f2_6	f2_1	0.00141563431944736	0.969735455184653	0.0288489104958994
f2_6	f2_2	0.0306883126805164	0.933058386979513	0.0362533003399705
f2_6	f2_5	0.235621975799992	0.499574210364433	0.264803813835576
f2_7	f2_1	0	0.482565939426422	0.517434060573578
f2_7	f2_2	0.0118851718733692	0.480216551337644	0.507898276788987
f2_7	f2_3	0.0479530411285238	0.92027431382297	0.0317726450485058
f2_7	f2_5	0.0286826761061829	0.926043098867956	0.0452742250258609
f2_7	f2_6	0	0.483930468559266	0.516069531440734
f2_8	f2_1	0	0.483190327882766	0.516809672117234
f2_8	f2_2	0	0.468541085720062	0.531458914279938
f2_8	f2_3	0.0478506022660969	0.91738022685666	0.0347691708772429
f2_8	f2_5	0.0221458981425782	0.943018315237517	0.0348357866199043
f2_8	f2_6	0	0.478430688381196	0.521569311618804
f2_8	f2_7	0.248687325925049	0.499996544896728	0.251316129178223
f2_9	f2_1	0	0.477471739053726	0.522528260946274
f2_9	f2_2	0	0.492173373699188	0.507826626300812
f2_9	f2_4	0.0107205830121628	0.950410540480496	0.0388688765073409
f2_9	f2_5	0	0.477554082870484	0.522445917129516
f2_9	f2_6	0.0182424407400354	0.954949454228547	0.0268081050314173
f2_9	f2_7	0	0.255965232849122	0.744034767150878
f2_9	f2_8	0	0.228643491864204	0.771356508135796
f2_10	f2_1	0	0.504153192043304	0.495846807956696
f2_10	f2_2	0	0.520777702331542	0.479222297668458
f2_10	f2_4	0.0109879707579004	0.948768012665872	0.0402440165762282
f2_10	f2_5	0	0.523746311664582	0.476253688335418
f2_10	f2_6	0.0594635386754103	0.908720894756113	0.0318155665684763
f2_10	f2_7	0	0.286174237728118	0.713825762271882
f2_10	f2_8	0	0.289855897426606	0.710144102573394
f2_10	f2_9	0.238446577708421	0.499726684251431	0.261826738040147
f3_5	f3_1	0	0.955457866191864	0.044542133808136
f3_5	f3_2	0.0432576543401979	0.92224013679995	0.0345022088598519
f3_6	f3_1	0.0111387591746881	0.963594213885578	0.0252670269397341
f3_6	f3_2	0.0510386766662716	0.923671853210425	0.0252894701233034
f3_6	f3_5	0.246172764641814	0.499970478330507	0.253856757027679
f3_7	f3_1	0	0.477841675281524	0.522158324718476
f3_7	f3_2	0	0.497018247842788	0.502981752157212
f3_7	f3_3	0.0406972046464698	0.931845212823148	0.0274575825303819
f3_7	f3_5	0.00726621314141318	0.955718895509776	0.0370148913488111
f3_7	f3_6	0	0.511117339134216	0.488882660865784
f3_8	f3_1	0	0.456121176481246	0.543878823518754
f3_8	f3_2	0	0.484614193439484	0.515385806560516
f3_8	f3_3	0.0274982350316739	0.93882598534284	0.033675779625486
f3_8	f3_5	0	0.957199275493622	0.042800724506378
f3_8	f3_6	0	0.488967806100846	0.511032193899154
f3_8	f3_7	0.255233030878988	0.499945796800677	0.244821172320334
f3_9	f3_1	0	0.503366529941558	0.496633470058442
f3_9	f3_2	0.00599267157039174	0.488292474108515	0.505714854321094
f3_9	f3_4	0.0236479671799992	0.952832334835557	0.0235196979844433
f3_9	f3_5	0	0.487309485673904	0.512690514326096
f3_9	f3_6	0.0198026034119971	0.942921631955456	0.0372757646325471
f3_9	f3_7	0	0.21906465291977	0.78093534708023
f3_9	f3_8	0	0.221613258123398	0.778386741876602
f3_10	f3_1	0	0.483027875423432	0.516972124576568
f3_10	f3_2	0.00814381999958802	0.522348209953522	0.46950797004689
f3_10	f3_4	0.0469949906429448	0.915554629691282	0.0374503796657728
f3_10	f3_5	0	0.515485644340516	0.484514355659484
f3_10	f3_6	0.0371071103412925	0.932589291890657	0.0303035977680507
f3_10	f3_7	0	0.273221373558044	0.726778626441956
f3_10	f3_8	0	0.25286453962326	0.74713546037674
f3_10	f3_9	0.245388407996966	0.518372377769801	0.236239214233234
f4_5	f4_1	0.0286410733019204	0.927739206164103	0.0436197205339764
f4_5	f4_2	0.0237463085105769	0.950192934622218	0.0260607568672048
f4_6	f4_1	0.0309770539737773	0.926199290089401	0.0428236559368213
f4_6	f4_2	0.0111736825255273	0.969413365692354	0.0194129517821192
f4_6	f4_5	0.218732334308014	0.54851792825821	0.232749737433776
f4_7	f4_1	0.0287438291944726	0.433532246224549	0.537723924580979
f4_7	f4_2	0	0.500317513942718	0.499682486057282
f4_7	f4_3	0.0338377223590136	0.941745307807303	0.0244169698336836
f4_7	f4_5	0.0262618644882346	0.945089343418855	0.0286487920929107
f4_7	f4_6	0	0.49069258570671	0.50930741429329
f4_8	f4_1	0.0136382621799707	0.474523595516921	0.511838142303109
f4_8	f4_2	0	0.470234662294388	0.529765337705612
f4_8	f4_3	0.0565040934276053	0.912674500904189	0.0308214056682053
f4_8	f4_5	0.015588231542444	0.956065818352032	0.0283459501055241
f4_8	f4_6	0	0.468752413988114	0.531247586011886
f4_8	f4_7	0.246768225798728	0.527611991624589	0.225619782576682
f4_9	f4_1	0.00668570612153352	0.479786212955297	0.513528080923169
f4_9	f4_2	0	0.469841569662094	0.530158430337906
f4_9	f4_4	0.00364529447818196	0.964953852552882	0.0314008529689359
f4_9	f4_5	0	0.482085138559342	0.517914861440658
f4_9	f4_6	0	0.965391159057618	0.034608840942382
f4_9	f4_7	0	0.249457329511642	0.750542670488358
f4_9	f4_8	0	0.226805165410042	0.773194834589958
f4_10	f4_1	0	0.491204172372818	0.508795827627182
f4_10	f4_2	0	0.504851579666138	0.495148420333862
f4_10	f4_4	0	0.94672429561615	0.05327570438385
f4_10	f4_5	0	0.482905685901642	0.517094314098358
f4_10	f4_6	0.0232088903592496	0.952379635968513	0.0244114736722376
f4_10	f4_7	0	0.262612074613572	0.737387925386428
f4_10	f4_8	0	0.252581119537354	0.747418880462646
f4_10	f4_9	0.208883966447497	0.520991930481624	0.270124103070879
f5_5	f5_1	0.0079891052968164	0.961055106495447	0.0309557882077365
f5_5	f5_2	0	0.958585739135742	0.041414260864258
f5_6	f5_1	0	0.942281544208526	0.0577184557914741
f5_6	f5_2	0.0348220835677981	0.94450394897616	0.0206739674560421
f5_6	f5_5	0.209120503930893	0.532409862938231	0.258469633130876
f5_7	f5_1	0	0.49466449022293	0.50533550977707
f5_7	f5_2	0	0.467124104499816	0.532875895500184
f5_7	f5_3	0	0.972131848335266	0.027868151664734
f5_7	f5_5	0	0.95510882139206	0.04489117860794
f5_7	f5_6	0	0.486227422952652	0.513772577047348
f5_8	f5_1	0.00539315754150094	0.483985076070334	0.510621766388165
f5_8	f5_2	0	0.478396534919738	0.521603465080262
f5_8	f5_3	0.010979985762146	0.95796011772055	0.031059896517304
f5_8	f5_5	0.0314922344970952	0.940346834602306	0.0281609309005992
f5_8	f5_6	0	0.482240438461304	0.517759561538696
f5_8	f5_7	0.218783132360993	0.497918919470672	0.283297948168335
f5_9	f5_1	0	0.476445972919464	0.523554027080536
f5_9	f5_2	0	0.540915668010712	0.459084331989288
f5_9	f5_4	0.0414136775223577	0.925400589329369	0.0331857331482736
f5_9	f5_5	0	0.473256707191468	0.526743292808532
f5_9	f5_6	0.0281691536612054	0.944384697018715	0.0274461493200796
f5_9	f5_7	0	0.230066746473312	0.769933253526688
f5_9	f5_8	0	0.245312929153442	0.754687070846558
f5_10	f5_1	0	0.442498475313186	0.557501524686814
f5_10	f5_2	0.0117597618606333	0.515224329847764	0.473015908291603
f5_10	f5_4	0.0339271410961679	0.937268975444688	0.0288038834591439
f5_10	f5_5	0	0.466189861297608	0.533810138702392
f5_10	f5_6	0.0142410792247909	0.956070522996494	0.0296883977787148
f5_10	f5_7	0	0.243155777454376	0.756844222545624
f5_10	f5_8	0	0.243032231926918	0.756967768073082
f5_10	f5_9	0.240543419022304	0.499817681513344	0.259638899464352
f6_5	f6_1	0.0686299517916864	0.893230017986451	0.0381400302218624
f6_5	f6_2	0.0498644891182154	0.925134622494465	0.0250008883873194
f6_6	f6_1	0.0158555784661851	0.952855114372714	0.0312893071611012
f6_6	f6_2	0.0335454392300751	0.94422160628106	0.0222329544888651
f6_6	f6_5	0.260954885635387	0.499765100173928	0.239280014190685
f6_7	f6_1	0	0.51266473531723	0.48733526468277
f6_7	f6_2	0	0.529302597045898	0.470697402954102
f6_7	f6_3	0	0.943038403987884	0.056961596012116
f6_7	f6_5	0.0684300963051601	0.898893534348908	0.0326763693459321
f6_7	f6_6	0	0.514895498752594	0.485104501247406
f6_8	f6_1	0.00125321595906458	0.536108198781029	0.462638585259906
f6_8	f6_2	0.0210508857024032	0.453817158172067	0.525131956125529
f6_8	f6_3	0.0379271685769156	0.932569587292275	0.0295032441308095
f6_8	f6_5	0.0436574754539096	0.928209198033221	0.0281333265128695
f6_8	f6_6	0	0.482393890619278	0.517606109380722
f6_8	f6_7	0.244648350072952	0.499942098472411	0.255409551454636
f6_9	f6_1	0	0.45328065752983	0.54671934247017
f6_9	f6_2	0	0.524246633052826	0.475753366947174
f6_9	f6_4	0.0270371144550932	0.948968945833466	0.0239939397114412
f6_9	f6_5	0	0.504583656787872	0.495416343212128
f6_9	f6_6	0	0.947952568531036	0.052047431468964
f6_9	f6_7	0	0.25577986240387	0.74422013759613
f6_9	f6_8	0	0.239847481250762	0.760152518749238
f6_10	f6_1	0	0.479158759117126	0.520841240882874
f6_10	f6_2	0	0.502382397651672	0.497617602348328
f6_10	f6_4	0.0255042664694647	0.939388681950597	0.0351070515799386
f6_10	f6_5	0	0.506656527519226	0.493343472480774
f6_10	f6_6	0.00992290862428402	0.963320162136808	0.0267569292389081
f6_10	f6_7	0	0.272502690553666	0.727497309446334
f6_10	f6_8	0	0.217115357518196	0.782884642481804
f6_10	f6_9	0.247545752058235	0.499987894038743	0.252466353903023
f7_5	f7_1	0.0293105411855614	0.935124721461885	0.0355647373525535
f7_5	f7_2	0.00691933763424912	0.956031117192898	0.0370495451728532
f7_6	f7_1	0.0238849441802069	0.93812204984912	0.0379930059706728
f7_6	f7_2	0	0.94992983341217	0.05007016658783
f7_6	f7_5	0.218885879678524	0.524478234920906	0.25663588540057
f7_7	f7_1	0	0.505387246608734	0.494612753391266
f7_7	f7_2	0	0.458253771066666	0.541746228933334
f7_7	f7_3	0	0.944821953773498	0.055178046226502
f7_7	f7_5	0	0.966958045959472	0.033041954040528
f7_7	f7_6	0	0.479939699172974	0.520060300827026
f7_8	f7_1	0	0.4849494099617	0.5150505900383
f7_8	f7_2	0	0.45626014471054	0.54373985528946
f7_8	f7_3	0.00424428158353352	0.963488551510363	0.0322671669061036
f7_8	f7_5	0	0.96730399131775	0.03269600868225
f7_8	f7_6	0	0.461022585630416	0.538977414369584
f7_8	f7_7	0.230323091173441	0.504702955436168	0.264973953390391
f7_9	f7_1	0	0.487856656312942	0.512143343687058
f7_9	f7_2	0	0.474989622831344	0.525010377168656
f7_9	f7_4	0.0332385424389763	0.930874144312873	0.0358873132481503
f7_9	f7_5	0	0.509303033351898	0.490696966648102
f7_9	f7_6	0.0354320853298944	0.929747253786317	0.0348206608837885
f7_9	f7_7	0	0.22978064417839	0.77021935582161
f7_9	f7_8	0	0.236667469143868	0.763332530856132
f7_10	f7_1	0	0.47548258304596	0.52451741695404
f7_10	f7_2	0	0.471609860658646	0.528390139341354
f7_10	f7_4	0.0603343007492179	0.90326612044828	0.0363995788025018
f7_10	f7_5	0	0.472231596708298	0.527768403291702
f7_10	f7_6	0	0.949223220348358	0.050776779651642
f7_10	f7_7	0	0.244374766945838	0.755625233054162
f7_10	f7_8	0	0.240437000989914	0.759562999010086
f7_10	f7_9	0.253697075569553	0.499972863745842	0.246330060684605
f8_5	f8_1	0.019171361291344	0.947714201283584	0.033114437425072
f8_5	f8_2	0.00382220464082228	0.968882149117555	0.0272956462416223
f8_6	f8_1	0.000399500106895267	0.966061949779343	0.0335385501137614
f8_6	f8_2	0	0.956172168254852	0.043827831745148
f8_6	f8_5	0.230134706133812	0.499177733194411	0.270687560671776
f8_7	f8_1	0	0.451401889324188	0.548598110675812
f8_7	f8_2	0	0.499797254800796	0.500202745199204
f8_7	f8_3	0	0.942353308200836	0.057646691799164
f8_7	f8_5	0.00591491185149762	0.959184199124153	0.0349008890243497
f8_7	f8_6	0	0.465218961238862	0.534781038761138
f8_8	f8_1	0	0.45268365740776	0.54731634259224
f8_8	f8_2	0	0.489582151174546	0.510417848825454
f8_8	f8_3	0.0116818195181589	0.955481897672514	0.0328362828093269
f8_8	f8_5	0	0.962746620178222	0.037253379821778
f8_8	f8_6	0	0.483274757862092	0.516725242137908
f8_8	f8_7	0.212911739063532	0.536482306098401	0.250605954838068
f8_9	f8_1	0	0.488018959760666	0.511981040239334
f8_9	f8_2	0	0.470807373523712	0.529192626476288
f8_9	f8_4	0.0336472939598926	0.937568912675307	0.0287837933648006
f8_9	f8_5	0	0.480705589056016	0.519294410943984
f8_9	f8_6	0.00985779185054958	0.958426975827251	0.0317152323221996
f8_9	f8_7	0	0.186644449830055	0.813355550169945
f8_9	f8_8	0	0.238365158438682	0.761634841561318
f8_10	f8_1	0	0.4898701608181	0.5101298391819
f8_10	f8_2	0	0.496554255485534	0.503445744514466
f8_10	f8_4	0.0403144867868255	0.932063835531269	0.0276216776819054
f8_10	f8_5	0	0.488758563995362	0.511241436004638
f8_10	f8_6	0.017496218020433	0.945454498659146	0.0370492833204211
f8_10	f8_7	0	0.212400540709496	0.787599459290504
f8_10	f8_8	0	0.217330902814866	0.782669097185134
f8_10	f8_9	0.243818111003988	0.504117654201283	0.252064234794728
f9_5	f9_1	0.019193755756564	0.952203776099788	0.0286024681436479
f9_5	f9_2	0	0.970873892307282	0.029126107692718
f9_6	f9_1	0.0418855922984487	0.930165692653775	0.0279487150477766
f9_6	f9_2	0.0133504457277764	0.956216238537885	0.0304333157343383
f9_6	f9_5	0.252606774183638	0.499986480052218	0.247406745764144
f9_7	f9_1	0	0.49285739660263	0.50714260339737
f9_7	f9_2	0	0.532722353935242	0.467277646064758
f9_7	f9_3	0.0329352040510431	0.930783089117	0.0362817068319572
f9_7	f9_5	0.0310804701886229	0.939436583312024	0.0294829464993528
f9_7	f9_6	0	0.540870249271392	0.459129750728608
f9_8	f9_1	0	0.46784895658493	0.53215104341507
f9_8	f9_2	0.00443127539733945	0.494821075857085	0.500747648745576
f9_8	f9_3	0.0485944061070249	0.913216966670838	0.0381886272221369
f9_8	f9_5	0.0155249177817613	0.954912018894334	0.0295630633239053
f9_8	f9_6	0.0241368008652638	0.422186634342012	0.553676564792724
f9_8	f9_7	0.258880866796106	0.499845001637279	0.241274131566614
f9_9	f9_1	0	0.509951055049896	0.490048944950104
f9_9	f9_2	0	0.495500981807708	0.504499018192292
f9_9	f9_4	0.0196640066788922	0.949119056763982	0.0312169365571262
f9_9	f9_5	0	0.504147946834564	0.495852053165436
f9_9	f9_6	0.0623224924606476	0.909274945536773	0.0284025620025796
f9_9	f9_7	0	0.289905577898026	0.710094422101974
f9_9	f9_8	0	0.204571917653084	0.795428082346916
f9_10	f9_1	0	0.493444830179214	0.506555169820786
f9_10	f9_2	0	0.478527933359146	0.521472066640854
f9_10	f9_4	0.0339819818831872	0.939278715829573	0.0267393022872393
f9_10	f9_5	0	0.486761093139648	0.513238906860352
f9_10	f9_6	0.0430093028624643	0.925766901477219	0.0312237956603163
f9_10	f9_7	0	0.261013001203536	0.738986998796464
f9_10	f9_8	0	0.222298249602318	0.777701750397682
f9_10	f9_9	0.249663390275382	0.530189081914139	0.220147527810478
f10_5	f10_1	0.0208833142059506	0.943503096910823	0.0356135888832264
f10_5	f10_2	0.00832021386168558	0.951121804103411	0.0405579820349035
f10_6	f10_1	0.0636886305582136	0.906808506057341	0.0295028633844457
f10_6	f10_2	0	0.947099268436432	0.052900731563568
f10_6	f10_5	0.234088560890031	0.499476868011808	0.266434571098161
f10_7	f10_1	0	0.457190692424774	0.542809307575226
f10_7	f10_2	0	0.46267744898796	0.53732255101204
f10_7	f10_3	0.00778202412596629	0.962543702163869	0.0296742737101644
f10_7	f10_5	0.00214637017659092	0.963954256049558	0.0338993737738508
f10_7	f10_6	0	0.438518524169922	0.561481475830078
f10_8	f10_1	0	0.473095774650574	0.526904225349426
f10_8	f10_2	0	0.457472622394562	0.542527377605438
f10_8	f10_3	0.00342767756674456	0.967903508315607	0.0286688141176486
f10_8	f10_5	0.0026972979308022	0.965056103467772	0.0322465986014262
f10_8	f10_6	0	0.462353497743606	0.537646502256394
f10_8	f10_7	0.205984853293537	0.550400569864036	0.243614576842427
f10_9	f10_1	0	0.49375581741333	0.50624418258667
f10_9	f10_2	0	0.516370594501496	0.483629405498504
f10_9	f10_4	0	0.927904486656188	0.072095513343812
f10_9	f10_5	0	0.494746953248978	0.505253046751022
f10_9	f10_6	0.0158742055790921	0.9596977262701	0.0244280681508081
f10_9	f10_7	0	0.206579253077508	0.793420746922492
f10_9	f10_8	0	0.226233094930648	0.773766905069352
f10_10	f10_1	0	0.504732310771942	0.495267689228058
f10_10	f10_2	0	0.479421645402908	0.520578354597092
f10_10	f10_4	0	0.952075481414794	0.047924518585206
f10_10	f10_5	0	0.489384412765502	0.510615587234498
f10_10	f10_6	0	0.97110104560852	0.02889895439148
f10_10	f10_7	0	0.203393816947938	0.796606183052062
f10_10	f10_8	0	0.24417194724083	0.75582805275917
f10_10	f10_9	0.202659294394719	0.531934826795126	0.265405878810155
f11_5	f11_1	0.0361655809118642	0.934077410373231	0.0297570087149043
f11_5	f11_2	0.0435061021576981	0.92132422051218	0.0351696773301221
f11_6	f11_1	0.0422466288957977	0.922769448964997	0.0349839221392056
f11_6	f11_2	0.0378265429135038	0.923496534705982	0.0386769223805139
f11_6	f11_5	0.264502025957031	0.499591157207643	0.235906816835326
f11_7	f11_1	0	0.48846811056137	0.51153188943863
f11_7	f11_2	0.00546978657794273	0.502761925352569	0.491768288069489
f11_7	f11_3	0.0559546365124111	0.91351258480904	0.0305327786785489
f11_7	f11_5	0.0288126834949456	0.930785403903205	0.0404019126018496
f11_7	f11_6	0	0.51490980386734	0.48509019613266
f11_8	f11_1	0.00817044668034006	0.473288405087882	0.518541148231778
f11_8	f11_2	0.0121091016326109	0.463630138199774	0.524260760167615
f11_8	f11_3	0.0534638241528909	0.914247140169254	0.0322890356778549
f11_8	f11_5	0.0300909686116295	0.934624769682105	0.0352842617062655
f11_8	f11_6	0	0.49592587351799	0.50407412648201
f11_8	f11_7	0.246314027085136	0.499972625227311	0.253713347687552
f11_9	f11_1	0	0.473697274923324	0.526302725076676
f11_9	f11_2	0	0.524896264076232	0.475103735923768
f11_9	f11_4	0.0600267461385973	0.897104658395717	0.0428685954656854
f11_9	f11_5	0	0.535093605518342	0.464906394481658
f11_9	f11_6	0.0201144175173513	0.943352231096889	0.0365333513857594
f11_9	f11_7	0	0.245463475584984	0.754536524415016
f11_9	f11_8	0	0.239769861102104	0.760230138897896
f11_10	f11_1	0	0.478800296783448	0.521199703216552
f11_10	f11_2	0	0.536136984825134	0.463863015174866
f11_10	f11_4	0.0516158262737916	0.919371859262719	0.0290123144634895
f11_10	f11_5	0	0.541875660419464	0.458124339580536
f11_10	f11_6	0.017417823742337	0.948164452174292	0.034417724083371
f11_10	f11_7	0	0.243147566914558	0.756852433085442
f11_10	f11_8	0	0.250056505203248	0.749943494796752
f11_10	f11_9	0.222476958259631	0.523891570121669	0.253631471618701
f12_5	f12_1	0.0198197947607119	0.955711665418608	0.02446853982068
f12_5	f12_2	0.0962741181540667	0.867183008732761	0.0365428731131727
f12_6	f12_1	0.00694826680286287	0.961848011854022	0.0312037213431149
f12_6	f12_2	0.0416607128682149	0.930168178259846	0.0281711088719389
f12_6	f12_5	0.220792278363411	0.542275518746964	0.236932202889625
f12_7	f12_1	0	0.471264630556106	0.528735369443894
f12_7	f12_2	0.00606894906037359	0.532581440296307	0.46134961064332
f12_7	f12_3	0.00778892380149454	0.960706656333779	0.0315044198647266
f12_7	f12_5	0.0113191836628626	0.962080372660695	0.0266004436764425
f12_7	f12_6	0	0.485122352838516	0.514877647161484
f12_8	f12_1	0	0.492395669221878	0.507604330778122
f12_8	f12_2	0.0252372279437192	0.474240610068678	0.500522161987603
f12_8	f12_3	0	0.957590818405152	0.042409181594848
f12_8	f12_5	0.028783494147419	0.94353486316848	0.0276816426841008
f12_8	f12_6	0	0.48072600364685	0.51927399635315
f12_8	f12_7	0.230817380157119	0.526996130532015	0.242186489310867
f12_9	f12_1	0.00435791795211316	0.507923277521982	0.487718804525905
f12_9	f12_2	0.00747307315198986	0.492984490101965	0.499542436746046
f12_9	f12_4	0.0314285355200372	0.938093265416223	0.0304781990637394
f12_9	f12_5	0	0.499634385108948	0.500365614891052
f12_9	f12_6	0.00518043731162776	0.966507814436956	0.0283117482514159
f12_9	f12_7	0	0.254723072052002	0.745276927947998
f12_9	f12_8	0	0.238784164190292	0.761215835809708
f12_10	f12_1	0	0.484439074993134	0.515560925006866
f12_10	f12_2	0	0.499771565198898	0.500228434801102
f12_10	f12_4	0.0199622003611437	0.95201007756064	0.0280277220782157
f12_10	f12_5	0	0.47456356883049	0.52543643116951
f12_10	f12_6	0	0.957604765892028	0.042395234107972
f12_10	f12_7	0	0.254075795412064	0.745924204587936
f12_10	f12_8	0	0.223140716552734	0.776859283447266
f12_10	f12_9	0.21952849852326	0.504406507267903	0.276064994208837
f13_5	f13_1	0	0.959655821323394	0.040344178676606
f13_5	f13_2	0	0.955251336097718	0.044748663902282
f13_6	f13_1	0	0.97432029247284	0.02567970752716
f13_6	f13_2	0	0.939221322536468	0.060778677463532
f13_6	f13_5	0.206147129551703	0.529025921789539	0.264826948658759
f13_7	f13_1	0	0.479964047670364	0.520035952329636
f13_7	f13_2	0	0.469425648450852	0.530574351549148
f13_7	f13_3	0.0399863220307537	0.932919006138383	0.0270946718308638
f13_7	f13_5	0	0.95530915260315	0.04469084739685
f13_7	f13_6	0	0.464247703552246	0.535752296447754
f13_8	f13_1	0	0.489210993051528	0.510789006948472
f13_8	f13_2	0	0.500000715255738	0.499999284744262
f13_8	f13_3	0.043707063086496	0.924560446962384	0.0317324899511201
f13_8	f13_5	0.0248189555200768	0.941155555527841	0.0340254889520827
f13_8	f13_6	0	0.49828091263771	0.50171908736229
f13_8	f13_7	0.219837052176928	0.545181189873745	0.234981757949328
f13_9	f13_1	0	0.484793901443482	0.515206098556518
f13_9	f13_2	0	0.459735721349716	0.540264278650284
f13_9	f13_4	0.0599121330285477	0.903057718653598	0.0370301483178538
f13_9	f13_5	0	0.449721366167068	0.550278633832932
f13_9	f13_6	0.0088685770583401	0.966659005532216	0.0244724174094442
f13_9	f13_7	0	0.22932943701744	0.77067056298256
f13_9	f13_8	0	0.226406216621398	0.773593783378602
f13_10	f13_1	0	0.511381328105926	0.488618671894074
f13_10	f13_2	0	0.458960562944412	0.541039437055588
f13_10	f13_4	0.012527746467528	0.958100055637484	0.029372197894988
f13_10	f13_5	0	0.449573814868928	0.550426185131072
f13_10	f13_6	0.0188216653010238	0.954253060312868	0.0269252743861078
f13_10	f13_7	0	0.243480697274208	0.756519302725792
f13_10	f13_8	0	0.25194376707077	0.74805623292923
f13_10	f13_9	0.211475207355578	0.573642404979548	0.214882387664874
f14_5	f14_1	0	0.963357210159302	0.036642789840698
f14_5	f14_2	0.0314069516174691	0.93006805048134	0.0385249979011912
f14_6	f14_1	0.0206188698613521	0.949681731064344	0.0296993990743041
f14_6	f14_2	0.02182947645745	0.941998202598864	0.036172320943686
f14_6	f14_5	0.222991124038664	0.501513510456149	0.275495365505186
f14_7	f14_1	0	0.461128175258636	0.538871824741364
f14_7	f14_2	0	0.46461871266365	0.53538128733635
f14_7	f14_3	0.0531687149133551	0.91382562940791	0.033005655678735
f14_7	f14_5	0	0.967942714691162	0.032057285308838
f14_7	f14_6	0	0.45801755785942	0.54198244214058
f14_8	f14_1	0	0.48707753419876	0.51292246580124
f14_8	f14_2	0	0.53931301832199	0.46068698167801
f14_8	f14_3	0.034404354067787	0.926800217683822	0.0387954282483909
f14_8	f14_5	0.0511868306104795	0.911481200038501	0.0373319693510195
f14_8	f14_6	0	0.477585524320602	0.522414475679398
f14_8	f14_7	0.252939829272409	0.499982815896711	0.24707735483088
f14_9	f14_1	0	0.515887677669526	0.484112322330474
f14_9	f14_2	0.0102030830363111	0.49347468281196	0.496322234151729
f14_9	f14_4	0.0243656952647635	0.945501085228071	0.0301332195071655
f14_9	f14_5	0	0.515055894851684	0.484944105148316
f14_9	f14_6	0.0511659997538352	0.912105556759114	0.0367284434870512
f14_9	f14_7	0	0.22123146057129	0.77876853942871
f14_9	f14_8	0	0.262594759464264	0.737405240535736
f14_10	f14_1	0	0.503083109855652	0.496916890144348
f14_10	f14_2	0.00920539914795082	0.468206200615002	0.522588400237047
f14_10	f14_4	0.0129325329355106	0.956313979806165	0.0307534872583247
f14_10	f14_5	0	0.474258601665496	0.525741398334504
f14_10	f14_6	0.0212048696181397	0.941088893671589	0.0377062367102717
f14_10	f14_7	0	0.241102620959282	0.758897379040718
f14_10	f14_8	0	0.228283926844596	0.771716073155404
f14_10	f14_9	0.256991736307745	0.49990357515215	0.243104688540105
f15_5	f15_1	0.0254687613205293	0.946556042441492	0.0279751962379792
f15_5	f15_2	0	0.92636489868164	0.07363510131836
f15_6	f15_1	0.0138283073807624	0.952813148517437	0.0333585441018005
f15_6	f15_2	0	0.953027188777924	0.046972811222076
f15_6	f15_5	0.162683671121923	0.605210651149099	0.232105677728979
f15_7	f15_1	0	0.485071450471878	0.514928549528122
f15_7	f15_2	0	0.477032661437988	0.522967338562012
f15_7	f15_3	0.016393631551576	0.954272032074308	0.029334336374116
f15_7	f15_5	0	0.966754138469696	0.033245861530304
f15_7	f15_6	0	0.485343217849732	0.514656782150268
f15_8	f15_1	0	0.497102111577988	0.502897888422012
f15_8	f15_2	0	0.443071961402894	0.556928038597106
f15_8	f15_3	0.0278852186905993	0.936874170639583	0.0352406106698174
f15_8	f15_5	0.00250120945981491	0.968037327364854	0.0294614631753309
f15_8	f15_6	0	0.48350241780281	0.51649758219719
f15_8	f15_7	0.235516019039908	0.506426319731158	0.258057661228934
f15_9	f15_1	0	0.506901383399964	0.493098616600036
f15_9	f15_2	0	0.476447612047196	0.523552387952804
f15_9	f15_4	0.0369991841010104	0.929595076622197	0.0334057392767923
f15_9	f15_5	0	0.454640328884124	0.545359671115876
f15_9	f15_6	0.0134119640962902	0.950788626834427	0.0357994090692824
f15_9	f15_7	0	0.254110932350158	0.745889067649842
f15_9	f15_8	0	0.223147049546242	0.776852950453758
f15_10	f15_1	0.0132691740105524	0.455243522105619	0.531487303883828
f15_10	f15_2	0	0.475221306085586	0.524778693914414
f15_10	f15_4	0.0652049614312185	0.910829100346181	0.0239659382226005
f15_10	f15_5	0	0.451101779937744	0.548898220062256
f15_10	f15_6	0.00609817414217684	0.965540124799142	0.0283617010586809
f15_10	f15_7	0	0.257037043571472	0.742962956428528
f15_10	f15_8	0	0.228735357522964	0.771264642477036
f15_10	f15_9	0.246543960930995	0.499975945230142	0.253480093838863
f16_5	f16_1	0	0.956613302230834	0.043386697769166
f16_5	f16_2	0.00733223904821356	0.961522274222909	0.0311454867288776
f16_6	f16_1	0.0183125179011292	0.957991532286273	0.0236959498125972
f16_6	f16_2	0	0.966941714286804	0.033058285713196
f16_6	f16_5	0.236460319992192	0.49962307644628	0.263916603561528
f16_7	f16_1	0	0.47122111916542	0.52877888083458
f16_7	f16_2	0	0.460218727588654	0.539781272411346
f16_7	f16_3	0.0137125285747355	0.951887183927953	0.0344002874973115
f16_7	f16_5	0.0336733397892921	0.93576527892514	0.0305613812855681
f16_7	f16_6	0	0.475387394428254	0.524612605571746
f16_8	f16_1	0	0.519169688224792	0.480830311775208
f16_8	f16_2	0	0.446933299303054	0.553066700696946
f16_8	f16_3	0.0230546744926394	0.947828560617839	0.0291167648895213
f16_8	f16_5	0.0383827862531896	0.920667672675659	0.0409495410711516
f16_8	f16_6	0	0.460719287395478	0.539280712604522
f16_8	f16_7	0.250072484401288	0.499999989693517	0.249927525905194
f16_9	f16_1	0	0.467181980609894	0.532818019390106
f16_9	f16_2	0	0.4556784927845	0.5443215072155
f16_9	f16_4	0	0.953228890895844	0.0467711091041561
f16_9	f16_5	0	0.445616841316224	0.554383158683776
f16_9	f16_6	0.00598786405021667	0.965995825702057	0.0280163102477266
f16_9	f16_7	0	0.215136304497718	0.784863695502282
f16_9	f16_8	0	0.188302889466286	0.811697110533714
f16_10	f16_1	0	0.50918996334076	0.49081003665924
f16_10	f16_2	0	0.468902826309204	0.531097173690796
f16_10	f16_4	0.00237152773295279	0.960590763923439	0.0370377083436087
f16_10	f16_5	0	0.48405933380127	0.51594066619873
f16_10	f16_6	0	0.974063277244568	0.025936722755432
f16_10	f16_7	0	0.222824856638908	0.777175143361092
f16_10	f16_8	0	0.214523404836654	0.785476595163346
f16_10	f16_9	0.232083842396215	0.517515450240224	0.250400707363561
f17_5	f17_1	0.0288282007271787	0.947676068485829	0.0234957307869927
f17_5	f17_2	0.00805059791621954	0.975018486956409	0.0169309151273716
f17_6	f17_1	0.0153711569357322	0.964486453523556	0.0201423895407122
f17_6	f17_2	0.051811102176458	0.908701532791554	0.0394873650319879
f17_6	f17_5	0.246254871564609	0.510758379543816	0.242986748891575
f17_7	f17_1	0	0.51474952697754	0.48525047302246
f17_7	f17_2	0	0.460079461336136	0.539920538663864
f17_7	f17_3	0.012251734402517	0.943002582258504	0.044745683338979
f17_7	f17_5	0	0.964876770973206	0.035123229026794
f17_7	f17_6	0	0.497994035482406	0.502005964517594
f17_8	f17_1	0	0.482104867696762	0.517895132303238
f17_8	f17_2	0	0.51374065876007	0.48625934123993
f17_8	f17_3	0.0738460807547627	0.889374417355526	0.0367795018897109
f17_8	f17_5	0	0.963012218475342	0.036987781524658
f17_8	f17_6	0	0.485554099082946	0.514445900917054
f17_8	f17_7	0.240962718444552	0.499833634460995	0.259203647094454
f17_9	f17_1	0	0.528555035591126	0.471444964408874
f17_9	f17_2	0	0.479049652814866	0.520950347185134
f17_9	f17_4	0.016924861976058	0.946020774228274	0.0370543637956681
f17_9	f17_5	0	0.51770532131195	0.48229467868805
f17_9	f17_6	0.0290726952536093	0.941616012099746	0.0293112926466453
f17_9	f17_7	0	0.263557583093644	0.736442416906356
f17_9	f17_8	0	0.242518201470376	0.757481798529624
f17_10	f17_1	0	0.504559338092804	0.495440661907196
f17_10	f17_2	0	0.492251455783844	0.507748544216156
f17_10	f17_4	0.0282711047141231	0.94548101063401	0.0262478846518671
f17_10	f17_5	0	0.521950244903564	0.478049755096436
f17_10	f17_6	0.0261338113054217	0.944881904462063	0.0289842842325157
f17_10	f17_7	0	0.242367699742318	0.757632300257682
f17_10	f17_8	0	0.247052386403084	0.752947613596916
f17_10	f17_9	0.240030649349182	0.49979715934378	0.260172191307038
f18_5	f18_1	0	0.966520428657532	0.033479571342468
f18_5	f18_2	0.00759947747576106	0.950519672024492	0.041880850499747
f18_6	f18_1	0.00817791621585795	0.958557645465928	0.0332644383182138
f18_6	f18_2	0	0.956922233104706	0.043077766895294
f18_6	f18_5	0.216269675409212	0.529055588413447	0.25467473617734
f18_7	f18_1	0	0.490482360124588	0.509517639875412
f18_7	f18_2	0	0.495411664247512	0.504588335752488
f18_7	f18_3	0.034117078239162	0.937967587601266	0.027915334159572
f18_7	f18_5	0	0.963532328605652	0.036467671394348
f18_7	f18_6	0	0.472830355167388	0.527169644832612
f18_8	f18_1	0	0.511819124221802	0.488180875778198
f18_8	f18_2	0	0.510100185871124	0.489899814128876
f18_8	f18_3	0.0232608366513716	0.947267463107017	0.0294717002416115
f18_8	f18_5	0.0172079427605583	0.950844720290955	0.0319473369484863
f18_8	f18_6	0	0.501837134361268	0.498162865638732
f18_8	f18_7	0.211103673363094	0.567470618914834	0.221425707722072
f18_9	f18_1	0	0.536490738391876	0.463509261608124
f18_9	f18_2	0	0.457031458616256	0.542968541383744
f18_9	f18_4	0.0212392347979775	0.955529602780297	0.0232311624217255
f18_9	f18_5	0	0.493470162153244	0.506529837846756
f18_9	f18_6	0.0436852150465072	0.930404271025455	0.0259105139280374
f18_9	f18_7	0	0.248165056109428	0.751834943890572
f18_9	f18_8	0	0.250309586524964	0.749690413475036
f18_10	f18_1	0	0.481902539730072	0.518097460269928
f18_10	f18_2	0	0.478320211172104	0.521679788827896
f18_10	f18_4	0.0234969696403777	0.947868438362831	0.0286345919967918
f18_10	f18_5	0	0.480256825685502	0.519743174314498
f18_10	f18_6	0.0154237314907619	0.956889835030256	0.027686433478982
f18_10	f18_7	0	0.23079426586628	0.76920573413372
f18_10	f18_8	0	0.232840612530708	0.767159387469292
f18_10	f18_9	0.266851309747936	0.499450437602516	0.233698252649548
f19_5	f19_1	0.0316892128849529	0.937241700954339	0.0310690861607087
f19_5	f19_2	0.0365543771636208	0.931716956923065	0.0317286659133146
f19_6	f19_1	0.0149804031877967	0.94927579640761	0.0357438004045928
f19_6	f19_2	0.0260656983377086	0.947179394817045	0.0267549068452465
f19_6	f19_5	0.247337168327401	0.499985742824416	0.252677088848183
f19_7	f19_1	0	0.484130471944808	0.515869528055192
f19_7	f19_2	0	0.515934824943542	0.484065175056458
f19_7	f19_3	0.0140008983268878	0.947675097534153	0.0383240041389597
f19_7	f19_5	0.0467384784758147	0.907088571917998	0.0461729496061868
f19_7	f19_6	0	0.461923867464066	0.538076132535934
f19_8	f19_1	0	0.457043677568436	0.542956322431564
f19_8	f19_2	0	0.505534708499908	0.494465291500092
f19_8	f19_3	0.0187511666656137	0.954769209217907	0.0264796241164798
f19_8	f19_5	0.0115748775807576	0.947869334060439	0.0405557883588035
f19_8	f19_6	0	0.48166400194168	0.51833599805832
f19_8	f19_7	0.235466088008643	0.523993442154405	0.240540469836951
f19_9	f19_1	0	0.488492578268052	0.511507421731948
f19_9	f19_2	0	0.45705109834671	0.54294890165329
f19_9	f19_4	0.0224751772583973	0.949510049402425	0.0280147733391774
f19_9	f19_5	0	0.494798332452774	0.505201667547226
f19_9	f19_6	0.00781719693206351	0.968734764880685	0.0234480381872514
f19_9	f19_7	0	0.213497430086136	0.786502569913864
f19_9	f19_8	0	0.24007025361061	0.75992974638939
f19_10	f19_1	0	0.461366325616836	0.538633674383164
f19_10	f19_2	0	0.473327279090882	0.526672720909118
f19_10	f19_4	0.0446774605765776	0.915201019474897	0.0401215199485257
f19_10	f19_5	0	0.460660725831986	0.539339274168014
f19_10	f19_6	0	0.956062138080596	0.043937861919404
f19_10	f19_7	0	0.216208934783936	0.783791065216064
f19_10	f19_8	0	0.241396561264992	0.758603438735008
f19_10	f19_9	0.218604526318474	0.512537913725053	0.268857559956474
f20_5	f20_1	0.0142467806418207	0.962756059630819	0.0229971597273606
f20_5	f20_2	0	0.965002238750458	0.034997761249542
f20_6	f20_1	0	0.938548922538758	0.061451077461242
f20_6	f20_2	0.0134136622241798	0.957279097022282	0.0293072407535379
f20_6	f20_5	0.221544576645267	0.502460513591027	0.275994909763705
f20_7	f20_1	0	0.444771230220794	0.555228769779206
f20_7	f20_2	0	0.480355024337768	0.519644975662232
f20_7	f20_3	0.0215290958770986	0.943889523528243	0.0345813805946587
f20_7	f20_5	0	0.95875483751297	0.04124516248703
f20_7	f20_6	0	0.458339184522628	0.541660815477372
f20_8	f20_1	0	0.478097021579742	0.521902978420258
f20_8	f20_2	0	0.498066991567612	0.501933008432388
f20_8	f20_3	0.0457516764512826	0.918522148348655	0.0357261752000625
f20_8	f20_5	0.0129590486767526	0.957090525769663	0.0299504255535846
f20_8	f20_6	0	0.472999632358552	0.527000367641448
f20_8	f20_7	0.215510117439306	0.531055952255178	0.253433930305516
f20_9	f20_1	0	0.443258553743362	0.556741446256638
f20_9	f20_2	0	0.45926320552826	0.54073679447174
f20_9	f20_4	0.0344351727088632	0.931461175616514	0.0341036516746231
f20_9	f20_5	0	0.403360575437546	0.596639424562454
f20_9	f20_6	0	0.92238587141037	0.07761412858963
f20_9	f20_7	0	0.164279118180275	0.835720881819725
f20_9	f20_8	0	0.184562504291534	0.815437495708466
f20_10	f20_1	0	0.454821914434432	0.545178085565568
f20_10	f20_2	0	0.449797064065934	0.550202935934066
f20_10	f20_4	0.00250143312897566	0.971924175749495	0.0255743911215297
f20_10	f20_5	0	0.41252514719963	0.58747485280037
f20_10	f20_6	0	0.951212525367736	0.048787474632264
f20_10	f20_7	0	0.181858524680138	0.818141475319862
f20_10	f20_8	0	0.19857482612133	0.80142517387867
f20_10	f20_9	0.191048415780694	0.559596653221783	0.249354930997522
f21_5	f21_1	0	0.970299899578094	0.029700100421906
f21_5	f21_2	0	0.958342552185058	0.041657447814942
f21_6	f21_1	0.0170211804831872	0.95270955305798	0.0302692664588332
f21_6	f21_2	0.0234808014308665	0.940040829484611	0.0364783690845224
f21_6	f21_5	0.239242138143887	0.524007674700997	0.236750187155117
f21_7	f21_1	0	0.463975995779038	0.536024004220962
f21_7	f21_2	0	0.51612913608551	0.48387086391449
f21_7	f21_3	0.0268033255625935	0.935839750470883	0.0373569239665234
f21_7	f21_5	0.0225824640775256	0.949764445109261	0.0276530908132137
f21_7	f21_6	0	0.500431597232818	0.499568402767182
f21_8	f21_1	0	0.441137224435806	0.558862775564194
f21_8	f21_2	0	0.483473002910614	0.516526997089386
f21_8	f21_3	0.0277130418721718	0.934320129214946	0.0379668289128818
f21_8	f21_5	0	0.967494070529938	0.032505929470062
f21_8	f21_6	0	0.463060319423676	0.536939680576324
f21_8	f21_7	0.225225733015711	0.53830310445274	0.236471162531549
f21_9	f21_1	0	0.487533956766128	0.512466043233872
f21_9	f21_2	0	0.50463753938675	0.49536246061325
f21_9	f21_4	0.0564253309363916	0.907639865280233	0.0359348037833756
f21_9	f21_5	0	0.481360524892808	0.518639475107192
f21_9	f21_6	0.0456772901640317	0.920752553537293	0.0335701562986756
f21_9	f21_7	0	0.217461556196212	0.782538443803788
f21_9	f21_8	0	0.226897343993186	0.773102656006814
f21_10	f21_1	0	0.50407463312149	0.49592536687851
f21_10	f21_2	0	0.519096434116364	0.480903565883636
f21_10	f21_4	0.0479077689910923	0.916049481816093	0.0360427491928144
f21_10	f21_5	0	0.516598343849182	0.483401656150818
f21_10	f21_6	0.0431814041334371	0.933324725111728	0.0234938707548352
f21_10	f21_7	0	0.289926439523696	0.710073560476304
f21_10	f21_8	0	0.27446773648262	0.72553226351738
f21_10	f21_9	0.249129964124445	0.499998483635418	0.250871552240137
f22_5	f22_1	0.0441119199652511	0.920273875065836	0.0356142049689132
f22_5	f22_2	0.0321181649161668	0.933662546834688	0.0342192882491449
f22_6	f22_1	0	0.949537456035614	0.050462543964386
f22_6	f22_2	0.0251950634201421	0.946825442179034	0.0279794944008242
f22_6	f22_5	0.225588161560998	0.498746119314223	0.275665719124779
f22_7	f22_1	0	0.517819344997406	0.482180655002594
f22_7	f22_2	0	0.500725090503692	0.499274909496308
f22_7	f22_3	0.0209027146512333	0.956294911063897	0.0228023742848694
f22_7	f22_5	0.0365922714517992	0.92421162818939	0.0391961003588113
f22_7	f22_6	0	0.498179465532302	0.501820534467698
f22_8	f22_1	0.0285359165531769	0.47356811335437	0.497895970092453
f22_8	f22_2	0	0.500981092453002	0.499018907546998
f22_8	f22_3	0.0368574533373902	0.934459631937586	0.0286829147250243
f22_8	f22_5	0.0465749365413199	0.920426992113588	0.032998071345092
f22_8	f22_6	0	0.488457649946212	0.511542350053788
f22_8	f22_7	0.263583617954217	0.499640668335037	0.236775713710747
f22_9	f22_1	0	0.482178688049316	0.517821311950684
f22_9	f22_2	0	0.482904344797134	0.517095655202866
f22_9	f22_4	0.0319237357032582	0.937953184912148	0.0301230793845941
f22_9	f22_5	0	0.476184695959092	0.523815304040908
f22_9	f22_6	0	0.940457344055176	0.059542655944824
f22_9	f22_7	0	0.272749871015548	0.727250128984452
f22_9	f22_8	0	0.288173705339432	0.711826294660568
f22_10	f22_1	0	0.462765544652938	0.537234455347062
f22_10	f22_2	0.00356080114554391	0.475874205833454	0.520564993021002
f22_10	f22_4	0.0865894895592743	0.881744912902632	0.0316655975380941
f22_10	f22_5	0.0119328524597337	0.448271865461696	0.53979528207857
f22_10	f22_6	0	0.95141178369522	0.0485882163047801
f22_10	f22_7	0	0.262555480003356	0.737444519996644
f22_10	f22_8	0	0.253357142210006	0.746642857789994
f22_10	f22_9	0.232893644780064	0.499393822729299	0.267712532490636
f23_5	f23_1	0.00632303924777045	0.965501130195103	0.0281758305571264
f23_5	f23_2	0.0575908062627455	0.907287669624777	0.0351215241124775
f23_6	f23_1	0.00350786207358111	0.970786910092034	0.0257052278343852
f23_6	f23_2	0.013175041106082	0.960244475549982	0.026580483343936
f23_6	f23_5	0.242211231741837	0.516544443063873	0.241244325194291
f23_7	f23_1	0	0.505783081054688	0.494216918945312
f23_7	f23_2	0	0.471683084964752	0.528316915035248
f23_7	f23_3	0.0505667281298838	0.907439599007566	0.0419936728625499
f23_7	f23_5	0.0146427130225699	0.952944820021908	0.0324124669555218
f23_7	f23_6	0	0.492851674556732	0.507148325443268
f23_8	f23_1	0	0.478075414896012	0.521924585103988
f23_8	f23_2	0	0.50795990228653	0.49204009771347
f23_8	f23_3	0	0.962736129760742	0.037263870239258
f23_8	f23_5	0	0.961956977844238	0.0380430221557621
f23_8	f23_6	0	0.480192720890046	0.519807279109954
f23_8	f23_7	0.227377938043142	0.515135254837941	0.257486807118918
f23_9	f23_1	0	0.440991044044494	0.559008955955506
f23_9	f23_2	0	0.446889877319336	0.553110122680664
f23_9	f23_4	0.0327301548757064	0.940070166818717	0.0271996783055764
