#ID1	ID2	pa	pb	pc
f1_5	f1_1	0	0.929619133472	0.0703808665276
f1_5	f1_2	0.0682222346703	0.906227330319	0.0255504350106
f1_6	f1_1	0	0.94661873579	0.0533812642097
f1_6	f1_2	0.0668128469925	0.892908982567	0.0402781704407
f1_6	f1_5	0.234476106528	0.49950244593	0.266021447542
f1_7	f1_1	0	0.465524613857	0.534475386143
f1_7	f1_2	0	0.516177892685	0.483822107315
f1_7	f1_3	0.0639954587002	0.902911110683	0.0330934306164
f1_7	f1_5	0.0132665953967	0.962739701682	0.0239937029216
f1_7	f1_6	0.0115294383979	0.453844204144	0.534626357458
f1_8	f1_1	0	0.45141813159	0.54858186841
f1_8	f1_2	0.00570571555702	0.5268658969	0.467428387543
f1_8	f1_3	0.0613365800741	0.904913896012	0.0337495239141
f1_8	f1_5	0.0575457841114	0.918669694671	0.0237845212178
f1_8	f1_6	0	0.46837875247	0.53162124753
f1_8	f1_7	0.271625707332	0.499103049867	0.229271242801
f1_9	f1_1	0	0.494509279728	0.505490720272
f1_9	f1_2	0.0333255055057	0.435084676244	0.53158981825
f1_9	f1_4	0.0528000509747	0.917047278879	0.0301526701458
f1_9	f1_5	0	0.499266326427	0.500733673573
f1_9	f1_6	0.0429974627526	0.904905769819	0.0520967674286
f1_9	f1_7	0.0140277604647	0.208822173797	0.777150065739
f1_9	f1_8	0	0.216518342495	0.783481657505
f1_10	f1_1	0.0131264179626	0.465748131339	0.521125450698
f1_10	f1_2	0	0.545115411282	0.454884588718
f1_10	f1_4	0.0637376894584	0.906607987477	0.0296543230643
f1_10	f1_5	0	0.494689702988	0.505310297012
f1_10	f1_6	0.0457438081913	0.929493099369	0.0247630924396
f1_10	f1_7	0.0101851363753	0.181472601538	0.808342262087
f1_10	f1_8	0	0.216198772192	0.783801227808
f1_10	f1_9	0.261805816072	0.499727639402	0.238466544526
f2_5	f2_1	0	0.936001062393	0.0639989376068
f2_5	f2_2	0.0418805540846	0.918946611634	0.0391728342817
f2_6	f2_1	0	0.972566723824	0.0274332761765
f2_6	f2_2	0.0205810028262	0.953273006688	0.0261459904856
f2_6	f2_5	0.2356219758	0.499574210364	0.264803813836
f2_7	f2_1	0	0.482565939426	0.517434060574
f2_7	f2_2	0.0132987501071	0.47738939487	0.509311855023
f2_7	f2_3	0.0664445996372	0.883291196806	0.0502642035572
f2_7	f2_5	0.0203492661611	0.942709918758	0.0369408150808
f2_7	f2_6	0.0585471745	0.366836119559	0.574616705941
f2_8	f2_1	0	0.483190327883	0.516809672117
f2_8	f2_2	0	0.46854108572	0.53145891428
f2_8	f2_3	0.0472196358358	0.918642159717	0.0341382044469
f2_8	f2_5	0.0326190155301	0.922072080462	0.0453089040075
f2_8	f2_6	0	0.478430688381	0.521569311619
f2_8	f2_7	0.149335953067	0.698699290612	0.15196475632
f2_9	f2_1	0	0.477471739054	0.522528260946
f2_9	f2_2	0	0.492173373699	0.507826626301
f2_9	f2_4	0.0283145600659	0.915222586373	0.0564628535611
f2_9	f2_5	0	0.47755408287	0.52244591713
f2_9	f2_6	0.012035767393	0.967362800923	0.0206014316844
f2_9	f2_7	0	0.255965232849	0.744034767151
f2_9	f2_8	0	0.228643491864	0.771356508136
f2_10	f2_1	0	0.504153192043	0.495846807957
f2_10	f2_2	0	0.520777702332	0.479222297668
f2_10	f2_4	0.058276183894	0.854191586394	0.0875322297123
f2_10	f2_5	0	0.523746311665	0.476253688335
f2_10	f2_6	0.0734618777026	0.880724216702	0.0458139055957
f2_10	f2_7	0.0204739234848	0.245226390758	0.734299685757
f2_10	f2_8	0	0.289855897427	0.710144102573
f2_10	f2_9	0.15969128653	0.657237266609	0.183071446861
f3_5	f3_1	0	0.955457866192	0.0445421338081
f3_5	f3_2	0.0573839784037	0.893987488673	0.0486285329233
f3_6	f3_1	0.0141734189048	0.957524894425	0.0283016866698
f3_6	f3_2	0.0426727158701	0.940403774803	0.0169235093272
f3_6	f3_5	0.246172764642	0.499970478331	0.253856757028
f3_7	f3_1	0	0.477841675282	0.522158324718
f3_7	f3_2	0	0.497018247843	0.502981752157
f3_7	f3_3	0.0220503793264	0.969138863463	0.00881075721031
f3_7	f3_5	0	0.970251321793	0.0297486782074
f3_7	f3_6	0	0.511117339134	0.488882660866
f3_8	f3_1	0	0.456121176481	0.543878823519
f3_8	f3_2	0	0.484614193439	0.515385806561
f3_8	f3_3	0.0200700334232	0.95368238856	0.026247578017
f3_8	f3_5	0.0229405037573	0.911318267979	0.0657412282636
f3_8	f3_6	0	0.488967806101	0.511032193899
f3_8	f3_7	0.224682694061	0.561046470437	0.214270835502
f3_9	f3_1	0	0.503366529942	0.496633470058
f3_9	f3_2	0.0625694735079	0.375138870233	0.562291656259
f3_9	f3_4	0.0230883230522	0.953951623091	0.0229600538566
f3_9	f3_5	0.0593676336069	0.36857421846	0.572058147933
f3_9	f3_6	0	0.982526838779	0.0174731612205
f3_9	f3_7	0	0.21906465292	0.78093534708
f3_9	f3_8	0.012278108944	0.197057040235	0.790664850821
f3_10	f3_1	0	0.483027875423	0.516972124577
f3_10	f3_2	0	0.538635849953	0.461364150047
f3_10	f3_4	0.0628302686274	0.883884073722	0.0532856576502
f3_10	f3_5	0.00515285925553	0.505179925829	0.489667214915
f3_10	f3_6	0.0304036194153	0.945996273743	0.0236001068421
f3_10	f3_7	0	0.273221373558	0.726778626442
f3_10	f3_8	0	0.252864539623	0.747135460377
f3_10	f3_9	0.254595523718	0.499958146327	0.245446329955
f4_5	f4_1	0.0129430938449	0.959135165078	0.0279217410769
f4_5	f4_2	0.0254017143003	0.946882123043	0.0277161626569
f4_6	f4_1	0.0356595417466	0.916834314544	0.0475061437096
f4_6	f4_2	0.00786527672634	0.976030177291	0.0161045459829
f4_6	f4_5	0.243040420235	0.499901756405	0.25705782336
f4_7	f4_1	0.0602751365817	0.37046963145	0.569255231968
f4_7	f4_2	0.0118372768543	0.476642960234	0.511519762912
f4_7	f4_3	0.0228510568537	0.963718638818	0.0134303043283
f4_7	f4_5	0.0143512054912	0.968910661413	0.0167381330959
f4_7	f4_6	0.0601948033169	0.370302979073	0.56950221761
f4_8	f4_1	0.0629508399771	0.375898439923	0.5611507201
f4_8	f4_2	0	0.470234662294	0.529765337706
f4_8	f4_3	0.0577168095777	0.910249068604	0.0320341218183
f4_8	f4_5	0.00357122161165	0.980099838214	0.0163289401747
f4_8	f4_6	0	0.468752413988	0.531247586012
f4_8	f4_7	0.260686035674	0.499776371875	0.239537592452
f4_9	f4_1	0.0136465054905	0.465864614217	0.520488880292
f4_9	f4_2	0	0.469841569662	0.530158430338
f4_9	f4_4	0.00524971683348	0.961745007842	0.0330052753242
f4_9	f4_5	0	0.482085138559	0.517914861441
f4_9	f4_6	0.0188529080386	0.92768534298	0.053461748981
f4_9	f4_7	0.0155572397118	0.218342850088	0.7660999102
f4_9	f4_8	0	0.22680516541	0.77319483459
f4_10	f4_1	0.0603203846391	0.370563403095	0.569116212266
f4_10	f4_2	0	0.504851579666	0.495148420334
f4_10	f4_4	0	0.946724295616	0.0532757043838
f4_10	f4_5	0.058299475269	0.366306735364	0.575393789367
f4_10	f4_6	0.0263493832283	0.94609865023	0.0275519665413
f4_10	f4_7	0.0172412753332	0.228129523947	0.75462920072
f4_10	f4_8	0	0.252581119537	0.747418880463
f4_10	f4_9	0.220317520172	0.498124823033	0.281557656795
f5_5	f5_1	0.00473063788334	0.967572041322	0.0276973207943
f5_5	f5_2	0.0176825530124	0.923220633111	0.0590968138766
f5_6	f5_1	0	0.942281544209	0.0577184557915
f5_6	f5_2	0.0342239711623	0.945700173787	0.0200758550506
f5_6	f5_5	0.145818917744	0.659013035313	0.195168046944
f5_7	f5_1	0	0.494664490223	0.505335509777
f5_7	f5_2	0	0.4671241045	0.5328758955
f5_7	f5_3	0	0.972131848335	0.0278681516647
f5_7	f5_5	0	0.955108821392	0.0448911786079
f5_7	f5_6	0	0.486227422953	0.513772577047
f5_8	f5_1	0	0.494771391153	0.505228608847
f5_8	f5_2	0.0572158110558	0.363964912808	0.578819276136
f5_8	f5_3	0	0.979920089245	0.0200799107552
f5_8	f5_5	0.0237278088523	0.955875685892	0.0203965052558
f5_8	f5_6	0.0581389600218	0.365962518418	0.575898521561
f5_8	f5_7	0.218783132361	0.497918919471	0.283297948168
f5_9	f5_1	0.0567501911778	0.362945590564	0.580304218258
f5_9	f5_2	0.0172743014193	0.506367065172	0.476358633409
f5_9	f5_4	0.0361802544941	0.935867435386	0.0279523101201
f5_9	f5_5	0	0.473256707191	0.526743292809
f5_9	f5_6	0.00381173269632	0.993099538948	0.00308872835519
f5_9	f5_7	0	0.230066746473	0.769933253527
f5_9	f5_8	0.0150446082025	0.215223712749	0.769731679049
f5_10	f5_1	0.0489512250636	0.344596025186	0.60645274975
f5_10	f5_2	0.028990493693	0.480762866183	0.490246640124
f5_10	f5_4	0.0269028875112	0.951317482615	0.0217796298742
f5_10	f5_5	0	0.466189861298	0.533810138702
f5_10	f5_6	0.0222858232498	0.939981034946	0.0377331418037
f5_10	f5_7	0	0.243155777454	0.756844222546
f5_10	f5_8	0	0.243032231927	0.756967768073
f5_10	f5_9	0.240543419022	0.499817681513	0.259638899464
f6_5	f6_1	0.0576013285913	0.915287264387	0.0271114070215
f6_5	f6_2	0.0446728661879	0.935517868355	0.019809265457
f6_6	f6_1	0.0175362691011	0.949493733103	0.032969997796
f6_6	f6_2	0.022570936605	0.966170611531	0.0112584518638
f6_6	f6_5	0.260954885635	0.499765100174	0.239280014191
f6_7	f6_1	0.0561391458729	0.400386443571	0.543474410556
f6_7	f6_2	0	0.529302597046	0.470697402954
f6_7	f6_3	0	0.943038403988	0.0569615960121
f6_7	f6_5	0.0696872512742	0.896379224411	0.033933524315
f6_7	f6_6	0	0.514895498753	0.485104501247
f6_8	f6_1	0.0461383742008	0.446337882298	0.507523743502
f6_8	f6_2	0	0.495918929577	0.504081070423
f6_8	f6_3	0.0640736356653	0.880276653116	0.0556497112192
f6_8	f6_5	0.028807333667	0.957909481607	0.013283184726
f6_8	f6_6	0	0.482393890619	0.517606109381
f6_8	f6_7	0.244648350073	0.499942098472	0.255409551455
f6_9	f6_1	0	0.45328065753	0.54671934247
f6_9	f6_2	0	0.524246633053	0.475753366947
f6_9	f6_4	0.0211244589534	0.960794256837	0.0180812842097
f6_9	f6_5	0	0.504583656788	0.495416343212
f6_9	f6_6	0	0.947952568531	0.052047431469
f6_9	f6_7	0	0.255779862404	0.744220137596
f6_9	f6_8	0	0.239847481251	0.760152518749
f6_10	f6_1	0	0.479158759117	0.520841240883
f6_10	f6_2	0	0.502382397652	0.497617602348
f6_10	f6_4	0.00552748468131	0.979342245527	0.0151302697918
f6_10	f6_5	0.026255556285	0.454145414949	0.519599028766
f6_10	f6_6	0.00088459023386	0.981396798918	0.0177186108485
f6_10	f6_7	0	0.272502690554	0.727497309446
f6_10	f6_8	0	0.217115357518	0.782884642482
f6_10	f6_9	0.222166371935	0.550746654286	0.227086973779
f7_5	f7_1	0.0291326448907	0.935480514052	0.0353868410577
f7_5	f7_2	0.00811288157784	0.953644029306	0.0382430891164
f7_6	f7_1	0.0272274008846	0.93143713644	0.0413354626751
f7_6	f7_2	0.0159059111	0.918118011212	0.0659760776878
f7_6	f7_5	0.231481262772	0.499287468734	0.269231268494
f7_7	f7_1	0	0.505387246609	0.494612753391
f7_7	f7_2	0	0.458253771067	0.541746228933
f7_7	f7_3	0	0.944821953773	0.0551780462265
f7_7	f7_5	0	0.966958045959	0.0330419540405
f7_7	f7_6	0.0575855286106	0.364768641952	0.577645829438
f7_8	f7_1	0	0.484949409962	0.515050590038
f7_8	f7_2	0	0.456260144711	0.543739855289
f7_8	f7_3	0	0.971977114677	0.0280228853226
f7_8	f7_5	0	0.967303991318	0.0326960086822
f7_8	f7_6	0	0.46102258563	0.53897741437
f7_8	f7_7	0.220891942817	0.52356525215	0.255542805034
f7_9	f7_1	0	0.487856656313	0.512143343687
f7_9	f7_2	0	0.474989622831	0.525010377169
f7_9	f7_4	0.0104263727936	0.976498483604	0.0130751436028
f7_9	f7_5	0.0353482794809	0.43860647439	0.526045246129
f7_9	f7_6	0.0183801864593	0.963851051527	0.0177687620132
f7_9	f7_7	0	0.229780644178	0.770219355822
f7_9	f7_8	0	0.236667469144	0.763332530856
f7_10	f7_1	0	0.475482583046	0.524517416954
f7_10	f7_2	0	0.471609860659	0.528390139341
f7_10	f7_4	0.0380898829135	0.94775495612	0.0141551609668
f7_10	f7_5	0	0.472231596708	0.527768403292
f7_10	f7_6	0.00256860439185	0.944086011565	0.0533453840435
f7_10	f7_7	0.01492975658	0.214515253786	0.770554989634
f7_10	f7_8	0	0.24043700099	0.75956299901
f7_10	f7_9	0.25369707557	0.499972863746	0.246330060685
f8_5	f8_1	0.0403302282717	0.905396467323	0.0542733044055
f8_5	f8_2	0	0.976526558399	0.0234734416008
f8_6	f8_1	0.0344674654701	0.897926019053	0.067606515477
f8_6	f8_2	0.000305124095088	0.955561920065	0.0441329558402
f8_6	f8_5	0.230134706134	0.499177733194	0.270687560672
f8_7	f8_1	0	0.451401889324	0.548598110676
f8_7	f8_2	0	0.499797254801	0.500202745199
f8_7	f8_3	0	0.942353308201	0.0576466917992
f8_7	f8_5	0	0.971014022827	0.0289859771729
f8_7	f8_6	0	0.465218961239	0.534781038761
f8_8	f8_1	0.0141837576339	0.42431614214	0.561500100226
f8_8	f8_2	0	0.489582151175	0.510417848825
f8_8	f8_3	0.00232304254595	0.974199451617	0.0234775058371
f8_8	f8_5	0	0.962746620178	0.0372533798218
f8_8	f8_6	0	0.483274757862	0.516725242138
f8_8	f8_7	0.186670587056	0.588964610113	0.224364802831
f8_9	f8_1	0.0595406261715	0.368937707418	0.571521666411
f8_9	f8_2	0.0183110825426	0.434185208438	0.547503709019
f8_9	f8_4	0.0676877173789	0.869488065837	0.0628242167838
f8_9	f8_5	0	0.480705589056	0.519294410944
f8_9	f8_6	0.0350777340535	0.907987091421	0.0569351745252
f8_9	f8_7	0	0.18664444983	0.81335555017
f8_9	f8_8	0	0.238365158439	0.761634841561
f8_10	f8_1	0.0100713126106	0.469727535597	0.520201151792
f8_10	f8_2	0	0.496554255486	0.503445744514
f8_10	f8_4	0.0264524139201	0.959787981265	0.0137596048152
f8_10	f8_5	0	0.488758563995	0.511241436005
f8_10	f8_6	0.0106792412358	0.959088452228	0.0302323065358
f8_10	f8_7	0	0.212400540709	0.787599459291
f8_10	f8_8	0	0.217330902815	0.782669097185
f8_10	f8_9	0.245893937644	0.499966000921	0.254140061435
f9_5	f9_1	0.0137702024933	0.963050882626	0.0231789148804
f9_5	f9_2	0	0.970873892307	0.0291261076927
f9_6	f9_1	0.0253619979977	0.963212881255	0.0114251207471
f9_6	f9_2	0.0221567407755	0.938603648442	0.039239610782
f9_6	f9_5	0.252606774184	0.499986480052	0.247406745764
f9_7	f9_1	0	0.492857396603	0.507142603397
f9_7	f9_2	0	0.532722353935	0.467277646065
f9_7	f9_3	0.0235057944162	0.949641908387	0.0268522971972
f9_7	f9_5	0.0289723895908	0.943652744508	0.0273748659015
f9_7	f9_6	0	0.540870249271	0.459129750729
f9_8	f9_1	0	0.467848956585	0.532151043415
f9_8	f9_2	0.0536536688918	0.396376288868	0.54997004224
f9_8	f9_3	0.0795972580819	0.851211262721	0.0691914791971
f9_8	f9_5	0.0220602117207	0.941841431016	0.0360983572629
f9_8	f9_6	0	0.470460236073	0.529539763927
f9_8	f9_7	0.258880866796	0.499845001637	0.241274131567
f9_9	f9_1	0.0275733590893	0.454804336871	0.517622304039
f9_9	f9_2	0	0.495500981808	0.504499018192
f9_9	f9_4	0.0413573409652	0.905732388191	0.0529102708435
f9_9	f9_5	0.0635412879744	0.377065370886	0.55939334114
f9_9	f9_6	0.0472261805167	0.939467569425	0.0133062500587
f9_9	f9_7	0.010243214401	0.269419149096	0.720337636503
f9_9	f9_8	0.0104624172731	0.183647083107	0.80589049962
f9_10	f9_1	0	0.493444830179	0.506555169821
f9_10	f9_2	0.0147941231908	0.448939686978	0.536266189832
f9_10	f9_4	0.0297902968183	0.947662085959	0.0225476172223
f9_10	f9_5	0	0.48676109314	0.51323890686
f9_10	f9_6	0.0407030400458	0.930379427111	0.0289175328437
f9_10	f9_7	0	0.261013001204	0.738986998796
f9_10	f9_8	0	0.222298249602	0.777701750398
f9_10	f9_9	0.2368268021	0.555862258264	0.207310939635
f10_5	f10_1	0.0179090357549	0.949451653813	0.0326393104322
f10_5	f10_2	0	0.967762231827	0.0322377681732
f10_6	f10_1	0.0656902860535	0.902805195067	0.0315045188797
f10_6	f10_2	0	0.947099268436	0.0529007315636
f10_6	f10_5	0.23408856089	0.499476868012	0.266434571098
f10_7	f10_1	0	0.457190692425	0.542809307575
f10_7	f10_2	0.0146683782333	0.433340692521	0.551990929245
f10_7	f10_3	0.0110623077056	0.955983135005	0.0329545572898
f10_7	f10_5	0	0.968246996403	0.0317530035973
f10_7	f10_6	0.04807462391	0.34236927635	0.60955609974
f10_8	f10_1	0.0361054929665	0.400884788718	0.563009718316
f10_8	f10_2	0	0.457472622395	0.542527377605
f10_8	f10_3	0	0.974758863449	0.0252411365509
f10_8	f10_5	0	0.970450699329	0.0295493006706
f10_8	f10_6	0.00502318629842	0.452307125147	0.542669688555
f10_8	f10_7	0.163771767965	0.63482674052	0.201401491514
f10_9	f10_1	0.0569373765295	0.379881064354	0.563181559116
f10_9	f10_2	0	0.516370594501	0.483629405499
f10_9	f10_4	0	0.927904486656	0.0720955133438
f10_9	f10_5	0	0.494746953249	0.505253046751
f10_9	f10_6	0.0123309574944	0.96678422244	0.0208848200661
f10_9	f10_7	0.0106687468505	0.185241759376	0.804089493773
f10_9	f10_8	0	0.226233094931	0.773766905069
f10_10	f10_1	0.0409416231755	0.422849064421	0.536209312404
f10_10	f10_2	0.0068472956568	0.465727054089	0.527425650254
f10_10	f10_4	0.0125211345447	0.927033212325	0.0604456531299
f10_10	f10_5	0.00332980259855	0.482724807568	0.513945389833
f10_10	f10_6	0	0.971101045609	0.0288989543915
f10_10	f10_7	0	0.203393816948	0.796606183052
f10_10	f10_8	0	0.244171947241	0.755828052759
f10_10	f10_9	0.219610991156	0.498031433272	0.282357575572
f11_5	f11_1	0.0321123066168	0.942183958963	0.0257037344199
f11_5	f11_2	0.065297198454	0.87774202792	0.0569607736264
f11_6	f11_1	0.0451787008613	0.916905305034	0.0379159941047
f11_6	f11_2	0.0238839945647	0.951381631404	0.0247343740317
f11_6	f11_5	0.264502025957	0.499591157208	0.235906816835
f11_7	f11_1	0.00661393673756	0.475240237086	0.518145826176
f11_7	f11_2	0.0659723072925	0.381756883924	0.552270808784
f11_7	f11_3	0.0477511109339	0.929919635966	0.0223292531
f11_7	f11_5	0.0298545187656	0.928701733362	0.0414437478725
f11_7	f11_6	0.0332175466842	0.448474710499	0.518307742817
f11_8	f11_1	0	0.489629298449	0.510370701551
f11_8	f11_2	0.0462461164787	0.395356108508	0.558397775014
f11_8	f11_3	0.047621014445	0.925932759585	0.0264462259699
f11_8	f11_5	0.0135219126749	0.967762881556	0.0187152057696
f11_8	f11_6	0.00868592566868	0.478554022181	0.512760052151
f11_8	f11_7	0.246314027085	0.499972625227	0.253713347688
f11_9	f11_1	0	0.473697274923	0.526302725077
f11_9	f11_2	0	0.524896264076	0.475103735924
f11_9	f11_4	0.0782796740746	0.860598802524	0.0611215234017
f11_9	f11_5	0	0.535093605518	0.464906394482
f11_9	f11_6	0.0171397651126	0.949301535906	0.033558698981
f11_9	f11_7	0	0.245463475585	0.754536524415
f11_9	f11_8	0.0143723964732	0.211025068156	0.774602535371
f11_10	f11_1	0.05731243095	0.364175434883	0.578512134167
f11_10	f11_2	0.0330891277231	0.469958729379	0.496952142898
f11_10	f11_4	0.0614836756248	0.899636160561	0.0388801638145
f11_10	f11_5	0	0.541875660419	0.458124339581
f11_10	f11_6	0.0121544351825	0.958691229294	0.0291543355236
f11_10	f11_7	0.0147801847241	0.213587197466	0.77163261781
f11_10	f11_8	0.0156320638486	0.218792377506	0.765575558645
f11_10	f11_9	0.234665394146	0.499514698349	0.265819907505
f12_5	f12_1	0.0172197045521	0.960911845836	0.021868449612
f12_5	f12_2	0.102655846646	0.854419551749	0.0429246016049
f12_6	f12_1	0	0.97574454546	0.0242554545403
f12_6	f12_2	0.0438195562009	0.925850491594	0.0303299522047
f12_6	f12_5	0.17989048856	0.624079098354	0.196030413086
f12_7	f12_1	0.021912558753	0.42743951305	0.550647928197
f12_7	f12_2	0	0.544719338417	0.455280661583
f12_7	f12_3	0.00646008376234	0.963364336412	0.0301755798256
f12_7	f12_5	0.0147023564233	0.95531402714	0.0299836164369
f12_7	f12_6	0	0.485122352839	0.514877647161
f12_8	f12_1	0	0.492395669222	0.507604330778
f12_8	f12_2	0	0.524715065956	0.475284934044
f12_8	f12_3	0.000493110800396	0.956604596804	0.0429022923952
f12_8	f12_5	0.0248814391043	0.951338973255	0.0237795876409
f12_8	f12_6	0	0.480726003647	0.519273996353
f12_8	f12_7	0.209633478871	0.569363933104	0.221002588025
f12_9	f12_1	0	0.516639113426	0.483360886574
f12_9	f12_2	0.0282114730858	0.451507690234	0.52028083668
f12_9	f12_4	0.0400196248765	0.920911086703	0.0390692884202
f12_9	f12_5	0	0.499634385109	0.500365614891
f12_9	f12_6	0.0157703912584	0.945327906544	0.0389017021981
f12_9	f12_7	0.0162209607589	0.222281150534	0.761497888707
f12_9	f12_8	0	0.23878416419	0.76121583581
f12_10	f12_1	0	0.484439074993	0.515560925007
f12_10	f12_2	0	0.499771565199	0.500228434801
f12_10	f12_4	0.0500675300427	0.891799418197	0.0581330517598
f12_10	f12_5	0	0.47456356883	0.52543643117
f12_10	f12_6	0	0.957604765892	0.042395234108
f12_10	f12_7	0	0.254075795412	0.745924204588
f12_10	f12_8	0	0.223140716553	0.776859283447
f12_10	f12_9	0.203090420189	0.537282663937	0.259626915874
f13_5	f13_1	0	0.959655821323	0.0403441786766
f13_5	f13_2	0	0.955251336098	0.0447486639023
f13_6	f13_1	0	0.974320292473	0.0256797075272
f13_6	f13_2	0.0111322424565	0.916956837624	0.07191091992
f13_6	f13_5	0.15033742266	0.640645335573	0.209017241767
f13_7	f13_1	0	0.47996404767	0.52003595233
f13_7	f13_2	0.0550901097559	0.359245428939	0.585664461305
f13_7	f13_3	0.0307758176822	0.951340014836	0.0178841674823
f13_7	f13_5	0	0.955309152603	0.0446908473969
f13_7	f13_6	0	0.464247703552	0.535752296448
f13_8	f13_1	0.0305588103338	0.428093372384	0.541347817282
f13_8	f13_2	0.0353974745928	0.42920576607	0.535396759337
f13_8	f13_3	0.0337892804464	0.944396012243	0.021814707311
f13_8	f13_5	0.0133610833019	0.964071299964	0.0225676167339
f13_8	f13_6	0	0.498280912638	0.501719087362
f13_8	f13_7	0.242484987542	0.499885319144	0.257629693314
f13_9	f13_1	0.0527200565596	0.379353788324	0.567926155116
f13_9	f13_2	0	0.45973572135	0.54026427865
f13_9	f13_4	0.065469836892	0.891942310927	0.0425878521814
f13_9	f13_5	0	0.449721366167	0.550278633833
f13_9	f13_6	0.00187094900176	0.980654261645	0.0174747893529
f13_9	f13_7	0	0.229329437017	0.770670562983
f13_9	f13_8	0.0128149436312	0.200776329359	0.78640872701
f13_10	f13_1	0.0327156457183	0.445950036669	0.521334317612
f13_10	f13_2	0	0.458960562944	0.541039437056
f13_10	f13_4	0.0137070531526	0.955741442267	0.0305515045801
f13_10	f13_5	0	0.449573814869	0.550426185131
f13_10	f13_6	0.00875593522166	0.974384520472	0.0168595443067
f13_10	f13_7	0	0.243480697274	0.756519302726
f13_10	f13_8	0	0.251943767071	0.748056232929
f13_10	f13_9	0.149543816053	0.697505187585	0.152950996362
f14_5	f14_1	0	0.963357210159	0.0366427898407
f14_5	f14_2	0.0408747254812	0.911132502754	0.0479927717649
f14_6	f14_1	0	0.990919470787	0.00908052921295
f14_6	f14_2	0.0184097850654	0.948837585383	0.0327526295516
f14_6	f14_5	0.209537651598	0.528420455337	0.262041893065
f14_7	f14_1	0	0.461128175259	0.538871824741
f14_7	f14_2	0	0.464618712664	0.535381287336
f14_7	f14_3	0.0580045295498	0.904154000135	0.0378414703152
f14_7	f14_5	0.0100039271187	0.947934860454	0.0420612124276
f14_7	f14_6	0	0.458017557859	0.541982442141
f14_8	f14_1	0	0.487077534199	0.512922465801
f14_8	f14_2	0	0.539313018322	0.460686981678
f14_8	f14_3	0.0363333695659	0.922942186688	0.0407244437465
f14_8	f14_5	0.03843955269	0.936975755879	0.0245846914305
f14_8	f14_6	0.0503347039762	0.376916116368	0.572749179656
f14_8	f14_7	0.236733627334	0.532395219773	0.230871152893
f14_9	f14_1	0	0.51588767767	0.48411232233
f14_9	f14_2	0	0.513880848885	0.486119151115
f14_9	f14_4	0.0184474425409	0.957337590676	0.0242149667833
f14_9	f14_5	0.0663206436054	0.382414607641	0.551264748754
f14_9	f14_6	0.0383854136272	0.937666729012	0.0239478573605
f14_9	f14_7	0	0.221231460571	0.778768539429
f14_9	f14_8	0	0.262594759464	0.737405240536
f14_10	f14_1	0	0.503083109856	0.496916890144
f14_10	f14_2	0	0.486616998911	0.513383001089
f14_10	f14_4	0.0117449604841	0.958689124709	0.0295659148069
f14_10	f14_5	0.0208907753662	0.432477050933	0.546632173701
f14_10	f14_6	0.0137960102378	0.955906612432	0.0302973773299
f14_10	f14_7	0	0.241102620959	0.758897379041
f14_10	f14_8	0	0.228283926845	0.771716073155
f14_10	f14_9	0.239876973433	0.534133100902	0.225989925665
f15_5	f15_1	0.0101269186332	0.977239727816	0.0126333535507
f15_5	f15_2	0	0.926364898682	0.0736351013184
f15_6	f15_1	0.0167261856282	0.947017392022	0.0362564223493
f15_6	f15_2	0	0.953027188778	0.0469728112221
f15_6	f15_5	0.175097268837	0.580383455718	0.244519275444
f15_7	f15_1	0.0588235779157	0.36742429464	0.573752127444
f15_7	f15_2	0.00250982473794	0.472013011962	0.5254771633
f15_7	f15_3	0.0244894979847	0.938080299208	0.0374302028072
f15_7	f15_5	0	0.96675413847	0.0332458615303
f15_7	f15_6	0	0.48534321785	0.51465678215
f15_8	f15_1	0.0104467933767	0.476208524825	0.513344681799
f15_8	f15_2	0	0.443071961403	0.556928038597
f15_8	f15_3	0.0433755578638	0.905893492293	0.050730949843
f15_8	f15_5	0.00815436393819	0.956731018408	0.0351146176537
f15_8	f15_6	0	0.483502417803	0.516497582197
f15_8	f15_7	0.238856210214	0.499745937384	0.261397852403
f15_9	f15_1	0.00814210903197	0.490617165336	0.501240725632
f15_9	f15_2	0	0.476447612047	0.523552387953
f15_9	f15_4	0.06898123605	0.865630972724	0.0653877912257
f15_9	f15_5	0	0.454640328884	0.545359671116
f15_9	f15_6	0	0.977612555027	0.022387444973
f15_9	f15_7	0	0.25411093235	0.74588906765
f15_9	f15_8	0	0.223147049546	0.776852950454
f15_10	f15_1	0.00721443047867	0.467353009169	0.525432560352
f15_10	f15_2	0	0.475221306086	0.524778693914
f15_10	f15_4	0.0869155990936	0.867407825021	0.045676575885
f15_10	f15_5	0	0.451101779938	0.548898220062
f15_10	f15_6	0.0121234927491	0.953489487585	0.0343870196656
f15_10	f15_7	0	0.257037043571	0.742962956429
f15_10	f15_8	0	0.228735357523	0.771264642477
f15_10	f15_9	0.246543960931	0.49997594523	0.253480093839
f16_5	f16_1	0	0.956613302231	0.0433866977692
f16_5	f16_2	0.0225042552231	0.931178241873	0.0463175029037
f16_6	f16_1	0.00626038402332	0.982095800042	0.0116438159348
f16_6	f16_2	0.00387669644806	0.959188321391	0.0369349821613
f16_6	f16_5	0.236460319992	0.499623076446	0.263916603562
f16_7	f16_1	0	0.471221119165	0.528778880835
f16_7	f16_2	0	0.460218727589	0.539781272411
f16_7	f16_3	0	0.979312241077	0.0206877589226
f16_7	f16_5	0.0333884462032	0.936335066097	0.0302764876995
f16_7	f16_6	0	0.475387394428	0.524612605572
f16_8	f16_1	0	0.519169688225	0.480830311775
f16_8	f16_2	0	0.446933299303	0.553066700697
f16_8	f16_3	0.0199183331092	0.954101243385	0.0259804235061
f16_8	f16_5	0.0395932986694	0.918246647843	0.0421600534873
f16_8	f16_6	0	0.460719287395	0.539280712605
f16_8	f16_7	0.223815603679	0.552513751139	0.223670645183
f16_9	f16_1	0	0.46718198061	0.53281801939
f16_9	f16_2	0	0.455678492785	0.544321507215
f16_9	f16_4	0	0.953228890896	0.0467711091042
f16_9	f16_5	0	0.445616841316	0.554383158684
f16_9	f16_6	0	0.977971553802	0.0220284461975
f16_9	f16_7	0	0.215136304498	0.784863695502
f16_9	f16_8	0	0.188302889466	0.811697110534
f16_10	f16_1	0	0.509189963341	0.490810036659
f16_10	f16_2	0	0.468902826309	0.531097173691
f16_10	f16_4	0	0.965333819389	0.0346661806107
f16_10	f16_5	0	0.484059333801	0.515940666199
f16_10	f16_6	0	0.974063277245	0.0259367227554
f16_10	f16_7	0	0.222824856639	0.777175143361
f16_10	f16_8	0	0.214523404837	0.785476595163
f16_10	f16_9	0.148717094226	0.68424894658	0.167033959194
f17_5	f17_1	0.0348843849261	0.935563700088	0.0295519149859
f17_5	f17_2	0	0.991119682789	0.00888031721115
f17_6	f17_1	0.000505077577534	0.99421861224	0.00527631018251
f17_6	f17_2	0.0454785975859	0.921366541973	0.0331548604414
f17_6	f17_5	0.181074133059	0.641119856555	0.177806010386
f17_7	f17_1	0.0662417687809	0.382265989416	0.551492241803
f17_7	f17_2	0	0.460079461336	0.539920538664
f17_7	f17_3	0.0426026953437	0.882300660376	0.0750966442801
f17_7	f17_5	0	0.964876770973	0.0351232290268
f17_7	f17_6	0	0.497994035482	0.502005964518
f17_8	f17_1	0.0581062757642	0.365892316168	0.576001408067
f17_8	f17_2	0.0177345585552	0.47827154165	0.503993899795
f17_8	f17_3	0.0691216782293	0.898823222406	0.0320550993643
f17_8	f17_5	0	0.963012218475	0.0369877815247
f17_8	f17_6	0	0.485554099083	0.514445900917
f17_8	f17_7	0.240962718445	0.499833634461	0.259203647094
f17_9	f17_1	0	0.528555035591	0.471444964409
f17_9	f17_2	0	0.479049652815	0.520950347185
f17_9	f17_4	0.0345209598717	0.910828578437	0.0546504616913
f17_9	f17_5	0	0.517705321312	0.482294678688
f17_9	f17_6	0.0310082390976	0.937744924412	0.0312468364906
f17_9	f17_7	0	0.263557583094	0.736442416906
f17_9	f17_8	0	0.24251820147	0.75748179853
f17_10	f17_1	0	0.504559338093	0.495440661907
f17_10	f17_2	0	0.492251455784	0.507748544216
f17_10	f17_4	0.0397325112073	0.922558197648	0.0377092911451
f17_10	f17_5	0	0.521950244904	0.478049755096
f17_10	f17_6	0.0193019520961	0.958545622881	0.0221524250232
f17_10	f17_7	0	0.242367699742	0.757632300258
f17_10	f17_8	0	0.247052386403	0.752947613597
f17_10	f17_9	0.240030649349	0.499797159344	0.260172191307
f18_5	f18_1	0	0.966520428658	0.0334795713425
f18_5	f18_2	0	0.965718626976	0.034281373024
f18_6	f18_1	0.00165692051529	0.971599636867	0.0267434426176
f18_6	f18_2	0	0.956922233105	0.0430777668953
f18_6	f18_5	0.231166206689	0.499262525854	0.269571267457
f18_7	f18_1	0	0.490482360125	0.509517639875
f18_7	f18_2	0.0357224421955	0.423966779857	0.540310777948
f18_7	f18_3	0.0150654749036	0.976070794272	0.00886373082399
f18_7	f18_5	0	0.963532328606	0.0364676713943
f18_7	f18_6	0	0.472830355167	0.527169644833
f18_8	f18_1	0	0.511819124222	0.488180875778
f18_8	f18_2	0.00744550733009	0.495209171211	0.497345321459
f18_8	f18_3	0.0134201608184	0.966948814773	0.0196310244087
f18_8	f18_5	0.0158661287916	0.953528348229	0.0306055229795
f18_8	f18_6	0	0.501837134361	0.498162865639
f18_8	f18_7	0.229655309133	0.530367347375	0.239977343492
f18_9	f18_1	0	0.536490738392	0.463509261608
f18_9	f18_2	0	0.457031458616	0.542968541384
f18_9	f18_4	0.0224345136847	0.953139045007	0.0244264413084
f18_9	f18_5	0.0608782001339	0.371713761885	0.567408037981
f18_9	f18_6	0.030262556318	0.957249588483	0.0124878551995
f18_9	f18_7	0	0.248165056109	0.751834943891
f18_9	f18_8	0.0106129807301	0.229083625065	0.760303394205
f18_10	f18_1	0	0.48190253973	0.51809746027
f18_10	f18_2	0.0130105446155	0.452299121941	0.534690333443
f18_10	f18_4	0.0160635628994	0.962735251845	0.0212011852558
f18_10	f18_5	0	0.480256825686	0.519743174314
f18_10	f18_6	0.0134073824645	0.960922533083	0.0256700844527
f18_10	f18_7	0.000489233760594	0.229815798345	0.769694967894
f18_10	f18_8	0	0.232840612531	0.767159387469
f18_10	f18_9	0.257038383617	0.519076289863	0.223885326519
f19_5	f19_1	0.024390217705	0.951839691314	0.0237700909808
f19_5	f19_2	0.0170428347633	0.970740041724	0.012217123513
f19_6	f19_1	0.0141473731775	0.950941856428	0.0349107703943
f19_6	f19_2	0.0369488564029	0.925413078687	0.0376380649104
f19_6	f19_5	0.238935644469	0.516788790542	0.244275564989
f19_7	f19_1	0	0.484130471945	0.515869528055
f19_7	f19_2	0.0665471857974	0.382840453349	0.550612360854
f19_7	f19_3	0.0386533982201	0.898370097748	0.0629765040321
f19_7	f19_5	0.0819691991525	0.836627130565	0.0814036702829
f19_7	f19_6	0	0.461923867464	0.538076132536
f19_8	f19_1	0	0.457043677568	0.542956322432
f19_8	f19_2	0	0.5055347085	0.4944652915
f19_8	f19_3	0.0247616842764	0.942748173996	0.0324901417273
f19_8	f19_5	0.0425777340405	0.885863621141	0.0715586448186
f19_8	f19_6	0	0.481664001942	0.518335998058
f19_8	f19_7	0.219998052605	0.554929512961	0.225072434434
f19_9	f19_1	0	0.488492578268	0.511507421732
f19_9	f19_2	0	0.457051098347	0.542948901653
f19_9	f19_4	0.0131010901592	0.968258223601	0.01864068624
f19_9	f19_5	0.0261871310829	0.442424070287	0.53138879863
f19_9	f19_6	0	0.984369158745	0.0156308412552
f19_9	f19_7	0	0.213497430086	0.786502569914
f19_9	f19_8	0	0.240070253611	0.759929746389
f19_10	f19_1	0	0.461366325617	0.538633674383
f19_10	f19_2	0	0.473327279091	0.526672720909
f19_10	f19_4	0.0126743872554	0.979207166117	0.00811844662739
f19_10	f19_5	0	0.460660725832	0.539339274168
f19_10	f19_6	0	0.956062138081	0.0439378619194
f19_10	f19_7	0	0.216208934784	0.783791065216
f19_10	f19_8	0	0.241396561265	0.758603438735
f19_10	f19_9	0.225504824928	0.498737316505	0.275757858566
f20_5	f20_1	0.00797219545391	0.975305230007	0.0167225745395
f20_5	f20_2	0.00341911360375	0.958164011543	0.0384168748533
f20_6	f20_1	0	0.938548922539	0.0614510774612
f20_6	f20_2	0.0126682129014	0.958769995668	0.0285617914307
f20_6	f20_5	0.2048446722	0.535860322483	0.259295005318
f20_7	f20_1	0	0.444771230221	0.555228769779
f20_7	f20_2	0	0.480355024338	0.519644975662
f20_7	f20_3	0.0138805462245	0.959186622833	0.0269328309421
f20_7	f20_5	0	0.958754837513	0.041245162487
f20_7	f20_6	0	0.458339184523	0.541660815477
f20_8	f20_1	0	0.47809702158	0.52190297842
f20_8	f20_2	0	0.498066991568	0.501933008432
f20_8	f20_3	0.0334829704009	0.943059560449	0.0234574691497
f20_8	f20_5	0	0.983008623123	0.0169913768768
f20_8	f20_6	0	0.472999632359	0.527000367641
f20_8	f20_7	0.166191579019	0.629693029096	0.204115391885
f20_9	f20_1	0	0.443258553743	0.556741446257
f20_9	f20_2	0.052730672888	0.353801859752	0.59346746736
f20_9	f20_4	0.018387640219	0.963556240596	0.0180561191848
f20_9	f20_5	0.0227798029433	0.357800969551	0.619419227506
f20_9	f20_6	0	0.92238587141	0.0776141285896
f20_9	f20_7	0	0.16427911818	0.83572088182
f20_9	f20_8	0	0.184562504292	0.815437495708
f20_10	f20_1	0	0.454821914434	0.545178085566
f20_10	f20_2	0	0.449797064066	0.550202935934
f20_10	f20_4	0.00716753621936	0.962591969569	0.0302404942119
f20_10	f20_5	0	0.4125251472	0.5874748528
f20_10	f20_6	0	0.951212525368	0.0487874746323
f20_10	f20_7	0	0.18185852468	0.81814147532
f20_10	f20_8	0	0.198574826121	0.801425173879
f20_10	f20_9	0.147726286986	0.646240910812	0.206032802203
f21_5	f21_1	0.00892392063241	0.952452058313	0.0386240210543
f21_5	f21_2	0	0.958342552185	0.0416574478149
f21_6	f21_1	0.0316109475789	0.923530018867	0.0448590335545
f21_6	f21_2	0.0344567262035	0.918088979939	0.0474542938571
f21_6	f21_5	0.251247527849	0.49999689529	0.248755576861
f21_7	f21_1	0.0538184310648	0.356339133649	0.589842435286
f21_7	f21_2	0	0.516129136086	0.483870863914
f21_7	f21_3	0.010629880751	0.968186640094	0.0211834791549
f21_7	f21_5	0.0404197492764	0.914089874712	0.0454903760121
f21_7	f21_6	0.0177457164698	0.464940164293	0.517314119237
f21_8	f21_1	0	0.441137224436	0.558862775564
f21_8	f21_2	0	0.483473002911	0.516526997089
f21_8	f21_3	0.0234906083481	0.942764996263	0.0337443953889
f21_8	f21_5	0	0.96749407053	0.0325059294701
f21_8	f21_6	0	0.463060319424	0.536939680576
f21_8	f21_7	0.222241273485	0.544272023514	0.233486703001
f21_9	f21_1	0.05942233965	0.368689277466	0.571888382884
f21_9	f21_2	0	0.504637539387	0.495362460613
f21_9	f21_4	0.0426535004112	0.935183526331	0.0221629732582
f21_9	f21_5	0.00145717390012	0.478446177093	0.520096649007
f21_9	f21_6	0.0878104849503	0.836486163965	0.0757033510849
f21_9	f21_7	0	0.217461556196	0.782538443804
f21_9	f21_8	0	0.226897343993	0.773102656007
f21_10	f21_1	0	0.504074633121	0.495925366879
f21_10	f21_2	0	0.519096434116	0.480903565884
f21_10	f21_4	0.0548321432997	0.902200733199	0.0429671235014
f21_10	f21_5	0	0.516598343849	0.483401656151
f21_10	f21_6	0.0295442818401	0.960598969698	0.00985674846151
f21_10	f21_7	0	0.289926439524	0.710073560476
f21_10	f21_8	0	0.274467736483	0.725532263517
f21_10	f21_9	0.249129964124	0.499998483635	0.25087155224
f22_5	f22_1	0.0618512383986	0.884795238199	0.0533535234023
f22_5	f22_2	0.0161833681887	0.96553214029	0.0182844915217
f22_6	f22_1	0	0.949537456036	0.0504625439644
f22_6	f22_2	0.0339458956405	0.929323777738	0.0367303266212
f22_6	f22_5	0.201603153119	0.546716136198	0.251680710683
f22_7	f22_1	0.0627748811104	0.392269582777	0.544955536113
f22_7	f22_2	0	0.500725090504	0.499274909496
f22_7	f22_3	0.0186724663179	0.960755407731	0.0205721259516
f22_7	f22_5	0.0335784966981	0.930239177697	0.0361823256051
f22_7	f22_6	0	0.498179465532	0.501820534468
f22_8	f22_1	0.0649605008988	0.400718944663	0.534320554438
f22_8	f22_2	0	0.500981092453	0.499018907547
f22_8	f22_3	0.0416143509229	0.924945836767	0.0334398123105
f22_8	f22_5	0.0378259309921	0.937925003212	0.0242490657959
f22_8	f22_6	0.0195690785875	0.449319492771	0.531111428641
f22_8	f22_7	0.263583617954	0.499640668335	0.236775713711
f22_9	f22_1	0	0.482178688049	0.517821311951
f22_9	f22_2	0	0.482904344797	0.517095655203
f22_9	f22_4	0.018765225861	0.964270204597	0.0169645695424
f22_9	f22_5	0	0.476184695959	0.523815304041
f22_9	f22_6	0	0.940457344055	0.0595426559448
f22_9	f22_7	0	0.272749871016	0.727250128984
f22_9	f22_8	0.0207610210123	0.246651663315	0.732587315673
f22_10	f22_1	0	0.462765544653	0.537234455347
f22_10	f22_2	0.0190557261005	0.444884355924	0.536059917976
f22_10	f22_4	0.11017741324	0.834569065541	0.0552535212189
f22_10	f22_5	0	0.472137570381	0.527862429619
f22_10	f22_6	0	0.951411783695	0.0485882163048
f22_10	f22_7	0	0.262555480003	0.737444519997
f22_10	f22_8	0	0.25335714221	0.74664285779
f22_10	f22_9	0.23289364478	0.499393822729	0.267712532491
f23_5	f23_1	0.0265776431224	0.924991922446	0.0484304344318
f23_5	f23_2	0.0474552243537	0.927558833443	0.0249859422034
f23_6	f23_1	0.00741218221764	0.962978269804	0.0296095479784
f23_6	f23_2	0.0212821097366	0.944030338289	0.0346875519745
f23_6	f23_5	0.249674288978	0.501618328592	0.24870738243
f23_7	f23_1	0.00210990539797	0.501563270259	0.496326824343
f23_7	f23_2	0	0.471683084965	0.528316915035
f23_7	f23_3	0.0404948194543	0.927583416359	0.031921764187
f23_7	f23_5	0.0350217861321	0.912186673803	0.052791540065
f23_7	f23_6	0	0.492851674557	0.507148325443
f23_8	f23_1	0	0.478075414896	0.521924585104
f23_8	f23_2	0	0.507959902287	0.492040097713
f23_8	f23_3	0	0.962736129761	0.0372638702393
f23_8	f23_5	0	0.961956977844	0.0380430221558
f23_8	f23_6	0	0.48019272089	0.51980727911
f23_8	f23_7	0.220695283037	0.52850056485	0.250804152113
f23_9	f23_1	0.0241769862783	0.392637071488	0.583185942234
f23_9	f23_2	0	0.446889877319	0.553110122681
f23_9	f23_4	0.0332610268215	0.939008422927	0.0277305502514
f23_9	f23_5	0	0.46536886692	0.53463113308
f23_9	f23_6	0	0.906625926495	0.0933740735054
f23_9	f23_7	0	0.230861335993	0.769138664007
f23_9	f23_8	0	0.245262607932	0.754737392068
f23_10	f23_1	0	0.494401633739	0.505598366261
f23_10	f23_2	0	0.453344136477	0.546655863523
f23_10	f23_4	0.0572902954376	0.894667904227	0.0480418003356
f23_10	f23_5	0	0.498795509338	0.501204490662
f23_10	f23_6	0	0.951829075813	0.0481709241867
f23_10	f23_7	0	0.251547545195	0.748452454805
f23_10	f23_8	0	0.259048402309	0.740951597691
f23_10	f23_9	0.217991566283	0.497808206831	0.284200226886
f24_5	f24_1	0	0.96215903759	0.03784096241
f24_5	f24_2	0.035171105783	0.92790338532	0.0369255088973
f24_6	f24_1	0	0.972010374069	0.0279896259308
f24_6	f24_2	0.019178209682	0.96339798375	0.0174238065676
f24_6	f24_5	0.237235756613	0.499665554569	0.263098688818
f24_7	f24_1	0.000805029870204	0.466245483158	0.532949486972
f24_7	f24_2	0	0.51674258709	0.48325741291
f24_7	f24_3	0.00337851213434	0.979109343548	0.0175121443174
f24_7	f24_5	0.0197328089813	0.947167682819	0.0330995082
f24_7	f24_6	0	0.483262330294	0.516737669706
f24_8	f24_1	0	0.486888051033	0.513111948967
f24_8	f24_2	0	0.49648219347	0.50351780653
f24_8	f24_3	0	0.95897603035	0.0410239696503
f24_8	f24_5	0	0.960597395897	0.0394026041031
f24_8	f24_6	0.0133884219786	0.46599847705	0.520613100972
f24_8	f24_7	0.174754337149	0.584598033275	0.240647629576
f24_9	f24_1	0.05118711052	0.350117151784	0.598695737696
f24_9	f24_2	0	0.47824382782	0.52175617218
f24_9	f24_4	0.0405882696791	0.938077072206	0.0213346581145
f24_9	f24_5	0.0266321350044	0.389035572826	0.58433229217
f24_9	f24_6	0	0.949437975883	0.0505620241165
f24_9	f24_7	0	0.219630479813	0.780369520187
f24_9	f24_8	0	0.187592834234	0.812407165766
f24_10	f24_1	0.0648255549479	0.379566152372	0.55560829268
f24_10	f24_2	0.0464742261952	0.410840912901	0.542684860904
f24_10	f24_4	0.0172708388143	0.959745813216	0.0229833479696
f24_10	f24_5	0	0.508200824261	0.491799175739
f24_10	f24_6	0.0772809117604	0.869367653217	0.0533514350224
f24_10	f24_7	0	0.21936430037	0.78063569963
f24_10	f24_8	0	0.238334983587	0.761665016413
f24_10	f24_9	0.24094940592	0.499833139397	0.259217454683
f25_5	f25_1	0	0.973292291164	0.0267077088356
f25_5	f25_2	0.0446838495446	0.927665877876	0.0276502725793
f25_6	f25_1	0	0.949837982655	0.0501620173454
f25_6	f25_2	0.0176528096893	0.955999374251	0.0263478160599
f25_6	f25_5	0.238270347136	0.499718179667	0.262011473197
f25_7	f25_1	0.0402839403596	0.440233782679	0.519482276961
f25_7	f25_2	0	0.4729616642	0.5270383358
f25_7	f25_3	0.0287126317713	0.930535611492	0.0407517567369
f25_7	f25_5	0.0556307118293	0.918971601892	0.0253976862784
f25_7	f25_6	0.0369087659838	0.403364170885	0.559727063132
f25_8	f25_1	0.0466971899017	0.369904596618	0.58339821348
f25_8	f25_2	0	0.522450625896	0.477549374104
f25_8	f25_3	0.0405169690981	0.895215697023	0.0642673338785
f25_8	f25_5	0.0500059041851	0.918345706965	0.03164838885
f25_8	f25_6	0.0330869039731	0.409589691791	0.557323404236
f25_8	f25_7	0.246454767832	0.499974683028	0.25357054914
f25_9	f25_1	0	0.45830526948	0.54169473052
f25_9	f25_2	0	0.480555713177	0.519444286823
f25_9	f25_4	0.0571716877298	0.892466335997	0.0503619762735
f25_9	f25_5	0.000460596413412	0.449736860333	0.549802543254
f25_9	f25_6	0	0.947291374207	0.0527086257935
f25_9	f25_7	0.0125634746274	0.199046864804	0.788389660569
f25_9	f25_8	0.013812445161	0.20742782939	0.778759725449
